0.0000000000 -1.4903377295 -0.4973779619 -0.0546947829 0.9665402770 -0.1868528724 0.1346597224 0.1129285097
1.0000000000 -1.4903430939 -0.4964070022 -0.0548408367 0.9665890932 -0.1869204789 0.1343595237 0.1127554327
2.0000000000 -1.4901554585 -0.4965284467 -0.0548674054 0.9665480256 -0.1866597086 0.1347447336 0.1130794063
3.0000000000 -1.4906855822 -0.4964973629 -0.0540925972 0.9662181735 -0.1868428886 0.1356793493 0.1144695953
4.0000000000 -1.4902890921 -0.4963771403 -0.0543182530 0.9660823941 -0.1875839680 0.1355900764 0.1145092621
5.0000000000 -1.4898670912 -0.4960037172 -0.0547112674 0.9661386013 -0.1872020960 0.1358675510 0.1143311411
6.0000000000 -1.4904491901 -0.4956347346 -0.0543648973 0.9660288095 -0.1871372312 0.1364175826 0.1147091687
7.0000000000 -1.4901381731 -0.4966003299 -0.0540524200 0.9657796621 -0.1883010715 0.1363717318 0.1149571687
8.0000000000 -1.4891006947 -0.4959116876 -0.0549014956 0.9658693075 -0.1879258305 0.1360169053 0.1152379289
9.0000000000 -1.4896318913 -0.4955574274 -0.0540662557 0.9656388760 -0.1885052174 0.1369569451 0.1151094139
10.0000000000 -1.4883980751 -0.4958406389 -0.0545316115 0.9656047821 -0.1888667643 0.1364870518 0.1153612882
11.0000000000 -1.4879211187 -0.4955864847 -0.0548716597 0.9656349421 -0.1888680011 0.1359954476 0.1156861410
12.0000000000 -1.4895780087 -0.4959788322 -0.0537109822 0.9655078650 -0.1887530833 0.1367511600 0.1160430238
13.0000000000 -1.4892406464 -0.4952964783 -0.0533936918 0.9653616548 -0.1893734038 0.1369319558 0.1160354689
14.0000000000 -1.4882591963 -0.4952073693 -0.0536389388 0.9652799964 -0.1901098192 0.1364273280 0.1161052510
15.0000000000 -1.4878083467 -0.4956131876 -0.0537452064 0.9651714563 -0.1899530739 0.1372179538 0.1163328886
16.0000000000 -1.4881256819 -0.4948347509 -0.0530968010 0.9648927450 -0.1899988800 0.1384538263 0.1171032190
17.0000000000 -1.4863498211 -0.4954398572 -0.0526259728 0.9646342993 -0.1910218000 0.1390901506 0.1168136820
18.0000000000 -1.4861289263 -0.4952507019 -0.0523875616 0.9644322395 -0.1907495856 0.1407854408 0.1168961599
19.0000000000 -1.4864995480 -0.4939323962 -0.0516147874 0.9639971256 -0.1914345175 0.1418428719 0.1180811152
20.0000000000 -1.4850490093 -0.4955498278 -0.0511734560 0.9635691047 -0.1929984987 0.1420047432 0.1188312024
21.0000000000 -1.4839016199 -0.4949319363 -0.0502868481 0.9630678296 -0.1924851388 0.1455409825 0.1194480732
22.0000000000 -1.4832054377 -0.4949638247 -0.0495791137 0.9626789689 -0.1936120838 0.1463841200 0.1197310016
23.0000000000 -1.4811527729 -0.4958167374 -0.0491968170 0.9623377323 -0.1944059581 0.1475716829 0.1197297946
24.0000000000 -1.4803991318 -0.4936560988 -0.0478083603 0.9614353776 -0.1943584532 0.1529903859 0.1202527434
25.0000000000 -1.4782601595 -0.4937236309 -0.0476167277 0.9610483050 -0.1957335323 0.1536428034 0.1202853546
26.0000000000 -1.4770194292 -0.4952370226 -0.0466894768 0.9604688883 -0.1964038610 0.1559639275 0.1208322272
27.0000000000 -1.4746000767 -0.4954359829 -0.0453813598 0.9593543410 -0.1959063560 0.1610933393 0.1237290800
28.0000000000 -1.4715476036 -0.4972209930 -0.0451629683 0.9590006471 -0.1955873817 0.1628966033 0.1246115118
29.0000000000 -1.4701532125 -0.4969950318 -0.0450861566 0.9586484432 -0.1941568106 0.1662211269 0.1251681745
30.0000000000 -1.4687018394 -0.4974299371 -0.0443673916 0.9579890966 -0.1935138404 0.1696203798 0.1266419142
31.0000000000 -1.4646941423 -0.4966733754 -0.0436877683 0.9566735625 -0.1929297447 0.1757973582 0.1290322542
32.0000000000 -1.4622830153 -0.4973252118 -0.0430687852 0.9557220340 -0.1927819550 0.1799532175 0.1305656731
33.0000000000 -1.4605740309 -0.4976833761 -0.0423588306 0.9547796845 -0.1925348043 0.1841580272 0.1319550276
34.0000000000 -1.4574850798 -0.4980515242 -0.0417964309 0.9538249969 -0.1918097138 0.1882287711 0.1341529787
35.0000000000 -1.4528135061 -0.4986368120 -0.0406367965 0.9518836737 -0.1908358485 0.1968007833 0.1369993091
36.0000000000 -1.4500751495 -0.4981946349 -0.0405569971 0.9512739182 -0.1898688674 0.2001388669 0.1377399713
37.0000000000 -1.4467953444 -0.4974699914 -0.0403582901 0.9505187869 -0.1889775395 0.2037041038 0.1389473379
38.0000000000 -1.4418513775 -0.4978435636 -0.0392898694 0.9487549067 -0.1881678849 0.2111652344 0.1409482360
39.0000000000 -1.4408017397 -0.4988262653 -0.0387347154 0.9480549693 -0.1871534884 0.2144690603 0.1420160532
40.0000000000 -1.4373723269 -0.5003288984 -0.0386299007 0.9474461079 -0.1860748082 0.2173544765 0.1431054920
41.0000000000 -1.4350179434 -0.5020879507 -0.0381240770 0.9465377927 -0.1836310625 0.2219453007 0.1452112049
42.0000000000 -1.4299210310 -0.5026064515 -0.0384043343 0.9452083111 -0.1795514524 0.2293285131 0.1474825293
43.0000000000 -1.4275110960 -0.5039266944 -0.0382284559 0.9442223310 -0.1776526421 0.2343313247 0.1482319087
44.0000000000 -1.4241855145 -0.5023779273 -0.0387625210 0.9435871840 -0.1754901856 0.2383209914 0.1484911442
45.0000000000 -1.4209327698 -0.5006114841 -0.0391477197 0.9428607225 -0.1748983413 0.2414021045 0.1488266885
46.0000000000 -1.4137598276 -0.5023484230 -0.0385602936 0.9406305552 -0.1735707372 0.2500920594 0.1501378417
47.0000000000 -1.4137071371 -0.5017470121 -0.0371231623 0.9390628934 -0.1731668115 0.2553133070 0.1516223699
48.0000000000 -1.4123024940 -0.5026443005 -0.0360946432 0.9378723502 -0.1732110381 0.2588552237 0.1529297829
49.0000000000 -1.4092810154 -0.5037890673 -0.0337410942 0.9348234534 -0.1712016314 0.2686443627 0.1569249779
50.0000000000 -1.4045087099 -0.5029115677 -0.0347232595 0.9340351820 -0.1709677428 0.2706217468 0.1584686190
51.0000000000 -1.4029307365 -0.5042434335 -0.0340794288 0.9327773452 -0.1709097773 0.2741104066 0.1599373519
52.0000000000 -1.4014561176 -0.5056149364 -0.0317654870 0.9294559360 -0.1691839546 0.2841103971 0.1636148840
53.0000000000 -1.3989363909 -0.5053814054 -0.0319236629 0.9282950759 -0.1681256145 0.2874924242 0.1653789580
54.0000000000 -1.3900864124 -0.5041533113 -0.0355096273 0.9281685948 -0.1676729023 0.2880202830 0.1656299382
55.0000000000 -1.3796467781 -0.5033193231 -0.0380238257 0.9258561134 -0.1668733805 0.2947719395 0.1674917042
56.0000000000 -1.3779271841 -0.5049046874 -0.0369471125 0.9237034321 -0.1668737680 0.3003373444 0.1694773734
57.0000000000 -1.3824174404 -0.5064843893 -0.0323347896 0.9202849269 -0.1654518247 0.3093772829 0.1731683910
58.0000000000 -1.3747416735 -0.5067724586 -0.0340870842 0.9172661304 -0.1639984697 0.3172610402 0.1762754768
59.0000000000 -1.3635849953 -0.5039353967 -0.0395975038 0.9174612761 -0.1628060341 0.3175344765 0.1758718342
60.0000000000 -1.3646811247 -0.5042352676 -0.0349574164 0.9123699665 -0.1624499708 0.3302645385 0.1792111546
61.0000000000 -1.3588185310 -0.5022378564 -0.0349458680 0.9091103077 -0.1629169881 0.3378781676 0.1811493039
62.0000000000 -1.3467576504 -0.5016205311 -0.0405520871 0.9091949463 -0.1632955968 0.3375878930 0.1809239686
63.0000000000 -1.3513666391 -0.5034655333 -0.0330824554 0.9034826159 -0.1617849320 0.3508603573 0.1855851263
64.0000000000 -1.3329676390 -0.5020048022 -0.0408990867 0.9030888081 -0.1595711410 0.3515717387 0.1880562454
65.0000000000 -1.3428512812 -0.5043434501 -0.0319553316 0.8986233473 -0.1591506004 0.3610044420 0.1918936968
66.0000000000 -1.3292392492 -0.5066446066 -0.0356498472 0.8975266814 -0.1581117809 0.3637365103 0.1927238256
67.0000000000 -1.3182349205 -0.5038888454 -0.0407759808 0.8985245228 -0.1575006396 0.3624700308 0.1909527779
68.0000000000 -1.3155612946 -0.5061298013 -0.0379035622 0.8956843019 -0.1565401554 0.3687421679 0.1930653304
69.0000000000 -1.3152316809 -0.5075705647 -0.0340252146 0.8923703432 -0.1550122797 0.3754166663 0.1967455596
70.0000000000 -1.2943112850 -0.5070472360 -0.0444953926 0.8954452276 -0.1550634950 0.3687383831 0.1953592896
71.0000000000 -1.2919486761 -0.5066195726 -0.0413968936 0.8923172951 -0.1524502039 0.3752152920 0.1993549168
72.0000000000 -1.2849547863 -0.5102902055 -0.0400476381 0.8901228905 -0.1518070251 0.3794369996 0.2016522139
73.0000000000 -1.2714272738 -0.5098456144 -0.0459240824 0.8918482661 -0.1519641578 0.3760234118 0.2003001273
74.0000000000 -1.2629315853 -0.5087595582 -0.0462910384 0.8906687498 -0.1520200819 0.3776952028 0.2023500055
75.0000000000 -1.2522357702 -0.5122767687 -0.0469079688 0.8899323940 -0.1528231055 0.3786084056 0.2032763213
76.0000000000 -1.2509735823 -0.5133262873 -0.0422207564 0.8876054883 -0.1515734643 0.3831228614 0.2059099227
77.0000000000 -1.2361415625 -0.5151482224 -0.0476848260 0.8896862268 -0.1522732079 0.3784081042 0.2051309049
78.0000000000 -1.2334008217 -0.5180183053 -0.0437372029 0.8875251412 -0.1509717405 0.3829521835 0.2070132047
79.0000000000 -1.2218130827 -0.5198718309 -0.0478770472 0.8889783621 -0.1510747373 0.3798435926 0.2064285725
80.0000000000 -1.2086526155 -0.5256984234 -0.0495303273 0.8890002966 -0.1497778594 0.3805263638 0.2060215920
81.0000000000 -1.1991741657 -0.5286402702 -0.0508207865 0.8883097172 -0.1483814567 0.3833704889 0.2047338188
82.0000000000 -1.1934523582 -0.5302976966 -0.0510725677 0.8877573609 -0.1474617869 0.3848255575 0.2050643116
83.0000000000 -1.1801207066 -0.5342646837 -0.0547422208 0.8874892592 -0.1429672986 0.3857260942 0.2076983750
84.0000000000 -1.1711845398 -0.5377784967 -0.0539383367 0.8841139078 -0.1395659596 0.3917251229 0.2131090760
85.0000000000 -1.1599190235 -0.5407372713 -0.0552202947 0.8832510114 -0.1375455409 0.3937610984 0.2142456472
86.0000000000 -1.1592969894 -0.5442078710 -0.0609803833 0.8838307261 -0.1349873990 0.3931754529 0.2145572156
87.0000000000 -1.1437792778 -0.5461614728 -0.0630863681 0.8824625015 -0.1308909804 0.3967604339 0.2161219120
88.0000000000 -1.1366409063 -0.5478217006 -0.0665700734 0.8821611404 -0.1282893270 0.3987806141 0.2151923329
89.0000000000 -1.1336618662 -0.5513368845 -0.0668613389 0.8807240725 -0.1271438897 0.4019714296 0.2158209682
90.0000000000 -1.1242662668 -0.5473968387 -0.0684915185 0.8785047531 -0.1236820817 0.4068389237 0.2177482992
91.0000000000 -1.1131467819 -0.5510342717 -0.0700501874 0.8774245381 -0.1248015165 0.4088346660 0.2177270204
92.0000000000 -1.1035348177 -0.5536605716 -0.0722796619 0.8767431378 -0.1258632392 0.4088284969 0.2198618799
93.0000000000 -1.0961350203 -0.5566352010 -0.0734598190 0.8749983311 -0.1224319860 0.4124253690 0.2220220566
94.0000000000 -1.0849186182 -0.5608990788 -0.0745095238 0.8736782670 -0.1197272688 0.4156795740 0.2226259708
95.0000000000 -1.0803631544 -0.5590549707 -0.0752870217 0.8735924363 -0.1168097556 0.4174553156 0.2211847454
96.0000000000 -1.0721032619 -0.5620667934 -0.0738477632 0.8732340932 -0.1161113605 0.4180909097 0.2217666358
97.0000000000 -1.0753351450 -0.5560153723 -0.0715554953 0.8731626868 -0.1150470302 0.4178471267 0.2230582088
98.0000000000 -1.0630912781 -0.5611088872 -0.0699555576 0.8733185530 -0.1171552911 0.4166328013 0.2236212790
99.0000000000 -1.0612058640 -0.5540618896 -0.0666312501 0.8719123602 -0.1143697053 0.4190419912 0.2260359079
100.0000000000 -1.0516445637 -0.5589918494 -0.0628884733 0.8711097836 -0.1175306737 0.4196193814 0.2264374346
101.0000000000 -1.0470914841 -0.5566840768 -0.0602241233 0.8704735637 -0.1167337671 0.4216966629 0.2254347503
102.0000000000 -1.0403099060 -0.5498859286 -0.0558476821 0.8689851761 -0.1157885417 0.4246776998 0.2260679305
103.0000000000 -1.0259108543 -0.5549201369 -0.0483455285 0.8677927256 -0.1221294850 0.4259594083 0.2248973250
104.0000000000 -1.0097287893 -0.5580630898 -0.0429492779 0.8679799438 -0.1252788305 0.4246833920 0.2248558104
105.0000000000 -0.9939408302 -0.5628990531 -0.0363210700 0.8688096404 -0.1265984029 0.4238303900 0.2225096822
106.0000000000 -0.9798519015 -0.5640371442 -0.0268042702 0.8688715696 -0.1280486137 0.4236230552 0.2218318284
107.0000000000 -0.9623004198 -0.5649018884 -0.0189236999 0.8693202138 -0.1289972067 0.4212932885 0.2239510715
108.0000000000 -0.9467202425 -0.5716468692 -0.0086496919 0.8691313863 -0.1299187988 0.4195209742 0.2274510711
109.0000000000 -0.9310175776 -0.5751405358 0.0006938061 0.8686687946 -0.1319468766 0.4197712243 0.2275890410
110.0000000000 -0.9138445258 -0.5818126202 0.0111293206 0.8692677617 -0.1328805834 0.4193390608 0.2255462706
111.0000000000 -0.8958624601 -0.5830009580 0.0205078628 0.8708521724 -0.1317676604 0.4185171425 0.2215790153
112.0000000000 -0.8785307407 -0.5884770751 0.0323221572 0.8728305101 -0.1320617795 0.4132921398 0.2234194726
113.0000000000 -0.8628068566 -0.5969641209 0.0425423868 0.8743230104 -0.1323748082 0.4105882645 0.2223818004
114.0000000000 -0.8446818590 -0.5989434123 0.0490239300 0.8754616380 -0.1319694072 0.4093423486 0.2204310298
115.0000000000 -0.8335551620 -0.5952536464 0.0589535534 0.8776335120 -0.1314561963 0.4042117894 0.2215663493
116.0000000000 -0.8196061254 -0.6045443416 0.0683663338 0.8808904290 -0.1375937760 0.3936878741 0.2238524109
117.0000000000 -0.8077918291 -0.6059920192 0.0765466318 0.8848311305 -0.1376824528 0.3828924596 0.2269599587
118.0000000000 -0.7932572961 -0.6150987744 0.0809301883 0.8868656754 -0.1394242942 0.3775027990 0.2269841135
119.0000000000 -0.7821543813 -0.6164491177 0.0849038288 0.8888286352 -0.1375823468 0.3729405701 0.2279696912
120.0000000000 -0.7671049237 -0.6285293698 0.0966399759 0.8895943165 -0.1377133578 0.3700861931 0.2295502722
121.0000000000 -0.7686451674 -0.6206864119 0.0898263305 0.8937124014 -0.1361303926 0.3618595600 0.2276060730
122.0000000000 -0.7564915419 -0.6283833385 0.0950384960 0.8964015841 -0.1388251781 0.3541303277 0.2275598943
123.0000000000 -0.7536891103 -0.6177626252 0.0964430496 0.9006500244 -0.1381784827 0.3430341184 0.2281751782
124.0000000000 -0.7342977524 -0.6337171197 0.1036200374 0.9038320184 -0.1475888342 0.3322825432 0.2255961448
125.0000000000 -0.7275346518 -0.6338510513 0.1058548987 0.9058972597 -0.1511287689 0.3275169730 0.2219076902
126.0000000000 -0.7128437757 -0.6466876268 0.1134807616 0.9083961248 -0.1563769877 0.3203377128 0.2185101211
127.0000000000 -0.7054260969 -0.6426029205 0.1128103286 0.9122028351 -0.1552242637 0.3155362606 0.2103056312
128.0000000000 -0.6970962882 -0.6478942633 0.1146027297 0.9165986776 -0.1561145037 0.3050058484 0.2060257643
129.0000000000 -0.6831600666 -0.6515755653 0.1122789383 0.9206480980 -0.1589418501 0.2925706804 0.2038311362
130.0000000000 -0.6724075079 -0.6558112502 0.1110277921 0.9238045812 -0.1583901644 0.2841113806 0.2019370645
131.0000000000 -0.6568839550 -0.6596825719 0.1093825698 0.9273926020 -0.1613043398 0.2726113200 0.1990153491
132.0000000000 -0.6482055783 -0.6578913331 0.1073598489 0.9299287200 -0.1610870510 0.2656172216 0.1968020499
133.0000000000 -0.6383225322 -0.6604048014 0.1064156964 0.9319142103 -0.1618893147 0.2597163916 0.1946160197
134.0000000000 -0.6261687279 -0.6599154472 0.1036752164 0.9340805411 -0.1645025611 0.2518848181 0.1923189461
135.0000000000 -0.6150474548 -0.6592452526 0.1005251929 0.9362357855 -0.1651883870 0.2429476082 0.1927482337
136.0000000000 -0.5962172747 -0.6662307978 0.0988969654 0.9385085106 -0.1691957265 0.2333817333 0.1900200844
137.0000000000 -0.5933632255 -0.6612863541 0.0952582359 0.9397865534 -0.1676606834 0.2306518853 0.1883903146
138.0000000000 -0.5794226527 -0.6737146974 0.0982909575 0.9413627982 -0.1735293567 0.2222803533 0.1852434725
139.0000000000 -0.5424859524 -0.6698894501 0.0864884034 0.9465563893 -0.1739270538 0.2035323381 0.1798750311
140.0000000000 -0.5497664213 -0.6738570333 0.0891439915 0.9463010430 -0.1748345792 0.2041919827 0.1795912683
141.0000000000 -0.5316785574 -0.6721237898 0.0856885314 0.9490381479 -0.1753575355 0.1955092251 0.1742199808
142.0000000000 -0.5262531042 -0.6773248911 0.0893176720 0.9493117332 -0.1780148298 0.1916819662 0.1742869616
143.0000000000 -0.5225352049 -0.6765892506 0.0892965049 0.9499047399 -0.1800760478 0.1867646575 0.1742776781
144.0000000000 -0.5063742995 -0.6799808741 0.0906118900 0.9515882730 -0.1826244742 0.1782709807 0.1713110358
145.0000000000 -0.4952265620 -0.6837069392 0.0919564143 0.9525330067 -0.1853177100 0.1731535345 0.1683931500
146.0000000000 -0.4888004959 -0.6819258332 0.0926673412 0.9542610049 -0.1841014624 0.1694834530 0.1636097282
147.0000000000 -0.4851852357 -0.6896383762 0.0997114182 0.9546601772 -0.1847000718 0.1659681797 0.1642087698
148.0000000000 -0.4856303334 -0.6858785748 0.0983921960 0.9553942084 -0.1841292679 0.1630490869 0.1635037661
149.0000000000 -0.4735842049 -0.7018952966 0.1080308482 0.9565280676 -0.1880474687 0.1572554559 0.1579971611
150.0000000000 -0.4798499346 -0.6927947402 0.1059820428 0.9571858644 -0.1829466820 0.1597074568 0.1575417966
151.0000000000 -0.4694007337 -0.7033367157 0.1149187014 0.9575920105 -0.1876557916 0.1510968506 0.1580271125
152.0000000000 -0.4677219093 -0.7057523727 0.1178194135 0.9580782652 -0.1857412755 0.1501096189 0.1582823396
153.0000000000 -0.4624446332 -0.7088192105 0.1235047504 0.9588064551 -0.1856767386 0.1477805376 0.1561262459
154.0000000000 -0.4646051526 -0.7069975138 0.1249365881 0.9588934183 -0.1849961430 0.1493806541 0.1548722237
155.0000000000 -0.4585746229 -0.7191535234 0.1377357692 0.9587531090 -0.1867909282 0.1504518986 0.1525317580
156.0000000000 -0.4604067504 -0.7184852958 0.1405402273 0.9589624405 -0.1851933002 0.1507296711 0.1528894603
157.0000000000 -0.4497344494 -0.7309048772 0.1534105241 0.9594420791 -0.1866897196 0.1493885219 0.1493354440
158.0000000000 -0.4601336718 -0.7279866934 0.1569298655 0.9588018656 -0.1824476570 0.1565562338 0.1513345540
159.0000000000 -0.4444150627 -0.7376846075 0.1691557914 0.9599193335 -0.1831849962 0.1514753401 0.1485039890
160.0000000000 -0.4511177540 -0.7344311476 0.1724122614 0.9596648216 -0.1795814931 0.1570001543 0.1488121003
161.0000000000 -0.4466725588 -0.7372785211 0.1833650470 0.9597940445 -0.1785073280 0.1573500633 0.1489010304
162.0000000000 -0.4483673871 -0.7363059521 0.1872204840 0.9598546624 -0.1781202853 0.1584619880 0.1477909088
163.0000000000 -0.4443956316 -0.7391341329 0.1998181939 0.9603905678 -0.1774625629 0.1598692238 0.1435236037
164.0000000000 -0.4429084659 -0.7420303226 0.2078507394 0.9602603316 -0.1792797297 0.1600002497 0.1419822127
165.0000000000 -0.4398766160 -0.7452373505 0.2206018418 0.9606017470 -0.1767309010 0.1611924022 0.1415188611
166.0000000000 -0.4361362457 -0.7495187521 0.2285046875 0.9601601958 -0.1776238084 0.1617142111 0.1427965313
167.0000000000 -0.4319995940 -0.7460846305 0.2385483831 0.9606956840 -0.1749603152 0.1607734114 0.1435435563
168.0000000000 -0.4213720560 -0.7544434071 0.2481763363 0.9607383013 -0.1784455627 0.1584353745 0.1415531486
169.0000000000 -0.4192646146 -0.7560798526 0.2599522471 0.9609645605 -0.1764166802 0.1594282836 0.1414454281
170.0000000000 -0.4291635156 -0.7576553822 0.2661553919 0.9600865841 -0.1762375087 0.1645926386 0.1417157054
171.0000000000 -0.4256267846 -0.7578137517 0.2758028805 0.9597212672 -0.1750105321 0.1659482419 0.1441095620
172.0000000000 -0.4268637002 -0.7593534589 0.2809065580 0.9592199922 -0.1750677824 0.1681345999 0.1448418647
173.0000000000 -0.4296633005 -0.7548803091 0.2886309624 0.9587749839 -0.1738660634 0.1712360680 0.1456003189
174.0000000000 -0.4244000316 -0.7600605488 0.2950567305 0.9582304358 -0.1777245700 0.1692320108 0.1468641460
175.0000000000 -0.4197956324 -0.7683996558 0.3017019033 0.9577145576 -0.1794621199 0.1695482433 0.1477487534
176.0000000000 -0.4220851362 -0.7623316050 0.3058667183 0.9574728012 -0.1774921119 0.1750033051 0.1453147680
177.0000000000 -0.4177442789 -0.7705864906 0.3132422268 0.9567351341 -0.1811937541 0.1759206802 0.1444948465
178.0000000000 -0.4149393737 -0.7722662687 0.3186905682 0.9563675523 -0.1792743057 0.1790137440 0.1455201507
179.0000000000 -0.4133217931 -0.7775344253 0.3236922920 0.9557774067 -0.1788589209 0.1815286875 0.1467874795
180.0000000000 -0.4114173055 -0.7747201324 0.3271672130 0.9561759830 -0.1762202084 0.1811235547 0.1478793174
181.0000000000 -0.4093607664 -0.7772042155 0.3297637403 0.9558792114 -0.1759356111 0.1812977642 0.1499095410
182.0000000000 -0.4103683233 -0.7750977874 0.3322786391 0.9558408260 -0.1742535681 0.1811346561 0.1522970796
183.0000000000 -0.4055189490 -0.7789723873 0.3378648460 0.9563595653 -0.1762083471 0.1789024323 0.1494023949
184.0000000000 -0.4057328999 -0.7780203223 0.3397189081 0.9566960335 -0.1749282777 0.1797766238 0.1476930976
185.0000000000 -0.3913858235 -0.7840284705 0.3457621336 0.9572134614 -0.1775333583 0.1741506308 0.1479728818
186.0000000000 -0.3958990574 -0.7809931040 0.3443973362 0.9567567706 -0.1750450283 0.1767671257 0.1507622153
187.0000000000 -0.3902757764 -0.7834832668 0.3483830988 0.9567574263 -0.1737434268 0.1765723526 0.1524819285
188.0000000000 -0.3873227239 -0.7841865420 0.3493220210 0.9568845630 -0.1725505143 0.1765364408 0.1530793607
189.0000000000 -0.3759210110 -0.7881184220 0.3541515172 0.9575008750 -0.1716647446 0.1748467535 0.1521578282
190.0000000000 -0.3751554191 -0.7860203981 0.3519458473 0.9577441812 -0.1694715023 0.1754540056 0.1523862183
191.0000000000 -0.3730804920 -0.7868463993 0.3525011837 0.9580078721 -0.1682738215 0.1755314767 0.1519659460
192.0000000000 -0.3633854389 -0.7884789109 0.3552011251 0.9589304924 -0.1664125025 0.1741633564 0.1497545242
193.0000000000 -0.3620393276 -0.7868551016 0.3550077677 0.9591256976 -0.1644321382 0.1744191200 0.1503928304
194.0000000000 -0.3472807705 -0.7915148735 0.3589177430 0.9607481956 -0.1632385403 0.1672747135 0.1494503617
195.0000000000 -0.3461734354 -0.7883878350 0.3564932346 0.9614353180 -0.1616165638 0.1662334502 0.1479487419
196.0000000000 -0.3356114626 -0.7913423181 0.3579713404 0.9626572728 -0.1612990052 0.1611882299 0.1459181458
197.0000000000 -0.3297337294 -0.7909271121 0.3577020764 0.9633617401 -0.1604274660 0.1587456316 0.1449032724
198.0000000000 -0.3182902634 -0.7944257259 0.3592971563 0.9645057917 -0.1591165513 0.1555921286 0.1421323121
199.0000000000 -0.3147078454 -0.7917960286 0.3582195342 0.9651330113 -0.1571178138 0.1540615112 0.1417658627
200.0000000000 -0.3000752628 -0.7980440259 0.3606683612 0.9657236934 -0.1567434072 0.1504652053 0.1420196593
201.0000000000 -0.2975431681 -0.7895568013 0.3582584858 0.9666077495 -0.1529884636 0.1498591602 0.1407348365
202.0000000000 -0.2852628231 -0.7962602973 0.3611941934 0.9671825767 -0.1562382728 0.1465073675 0.1366866231
203.0000000000 -0.2819272280 -0.7962659597 0.3610931039 0.9675129056 -0.1544734836 0.1469034106 0.1359266192
204.0000000000 -0.2782351971 -0.7948555946 0.3608682752 0.9678534269 -0.1532002389 0.1460009068 0.1359165013
205.0000000000 -0.2692776322 -0.7970171571 0.3614703417 0.9687829018 -0.1535253078 0.1407572776 0.1344517618
206.0000000000 -0.2642839849 -0.8029735684 0.3633150160 0.9689356089 -0.1532219648 0.1402433664 0.1342333108
207.0000000000 -0.2561005950 -0.8004702330 0.3615226448 0.9704005718 -0.1497931778 0.1367265284 0.1311131269
208.0000000000 -0.2522361279 -0.8020192385 0.3618694544 0.9709059000 -0.1490239948 0.1356528252 0.1293525547
209.0000000000 -0.2449846119 -0.8056808114 0.3611913025 0.9712084532 -0.1484917253 0.1317365319 0.1317194253
210.0000000000 -0.2416418791 -0.8053739667 0.3601860702 0.9718382359 -0.1471740603 0.1289414912 0.1313181072
211.0000000000 -0.2327219397 -0.8113576174 0.3645589650 0.9724393487 -0.1477211416 0.1257702261 0.1293136775
212.0000000000 -0.2321812510 -0.8048982024 0.3589703441 0.9733013511 -0.1429190934 0.1260982901 0.1278983057
213.0000000000 -0.2287165821 -0.8076279759 0.3609201908 0.9734473825 -0.1445189267 0.1232936084 0.1277227849
214.0000000000 -0.2214944512 -0.8084960580 0.3621480763 0.9736555815 -0.1423590481 0.1224832013 0.1293312311
215.0000000000 -0.2191584408 -0.8093692660 0.3624049127 0.9735324979 -0.1432763636 0.1215657666 0.1301079094
216.0000000000 -0.2138265073 -0.8144918680 0.3649821281 0.9735211134 -0.1445361376 0.1212864965 0.1290569305
217.0000000000 -0.2092682123 -0.8186026216 0.3661742210 0.9735119939 -0.1448618025 0.1219022423 0.1281768233
218.0000000000 -0.2058431059 -0.8202992082 0.3668515980 0.9738340974 -0.1427482516 0.1220296696 0.1279802322
219.0000000000 -0.2035216540 -0.8223328590 0.3668658733 0.9739155769 -0.1424770504 0.1219503880 0.1277379990
220.0000000000 -0.2024631500 -0.8252320886 0.3663674295 0.9741175175 -0.1399609745 0.1217471436 0.1291657239
221.0000000000 -0.1990785897 -0.8277561665 0.3678102791 0.9745608568 -0.1398545206 0.1196585000 0.1278820932
222.0000000000 -0.1964205950 -0.8306326270 0.3703136444 0.9753726125 -0.1368904561 0.1197513640 0.1247751936
223.0000000000 -0.1959284693 -0.8293689489 0.3682422936 0.9757492542 -0.1355029792 0.1185047552 0.1245350465
224.0000000000 -0.1929111034 -0.8315728903 0.3708450794 0.9761486053 -0.1354727149 0.1160951778 0.1237051412
225.0000000000 -0.1914171726 -0.8337242603 0.3727043271 0.9763638377 -0.1331221908 0.1169336289 0.1237686947
226.0000000000 -0.1892834157 -0.8396386504 0.3752152920 0.9764844775 -0.1336483508 0.1134523451 0.1254785955
227.0000000000 -0.1877466142 -0.8384744525 0.3763867915 0.9767714739 -0.1320957243 0.1131497100 0.1251623183
228.0000000000 -0.1852686703 -0.8458253145 0.3796663880 0.9766148925 -0.1325219870 0.1122887731 0.1266985238
229.0000000000 -0.1834409535 -0.8414465189 0.3797902763 0.9771075249 -0.1292524785 0.1117089540 0.1267911643
230.0000000000 -0.1814994514 -0.8516998291 0.3853983581 0.9768592119 -0.1305994540 0.1123000383 0.1268019825
231.0000000000 -0.1800447702 -0.8494204879 0.3856446743 0.9773575068 -0.1266099215 0.1121897921 0.1271057874
232.0000000000 -0.1789281368 -0.8519140482 0.3880043030 0.9775235057 -0.1255959570 0.1126521751 0.1264236420
233.0000000000 -0.1782768667 -0.8569858670 0.3912551105 0.9775525928 -0.1241980568 0.1129684001 0.1272946149
234.0000000000 -0.1768477410 -0.8535098433 0.3928419352 0.9780960679 -0.1200730503 0.1135589704 0.1265505999
235.0000000000 -0.1757740825 -0.8571118712 0.3953602016 0.9782546759 -0.1191428676 0.1133949161 0.1263506711
236.0000000000 -0.1747605950 -0.8570490479 0.3997697234 0.9789731503 -0.1163760498 0.1141485199 0.1226312518
237.0000000000 -0.1742156297 -0.8615517616 0.4037434757 0.9789863825 -0.1163469031 0.1150077581 0.1217476204
238.0000000000 -0.1727820188 -0.8626945019 0.4094183147 0.9796108007 -0.1144086495 0.1141714007 0.1193242893
239.0000000000 -0.1729876697 -0.8701176643 0.4154175818 0.9794783592 -0.1145216152 0.1149324104 0.1195717901
240.0000000000 -0.1729758829 -0.8711737394 0.4214365780 0.9793221354 -0.1129555479 0.1152237952 0.1220362559
241.0000000000 -0.1697909683 -0.8729831576 0.4265616834 0.9796268344 -0.1122543290 0.1137713492 0.1215997264
242.0000000000 -0.1675110161 -0.8813886642 0.4374755323 0.9794929028 -0.1105324328 0.1170987263 0.1210958660
243.0000000000 -0.1664075553 -0.8838129640 0.4446695745 0.9796179533 -0.1086997390 0.1189858988 0.1198981330
244.0000000000 -0.1645162851 -0.8903259635 0.4508702755 0.9795020223 -0.1085569561 0.1207849532 0.1191734150
245.0000000000 -0.1639019549 -0.8892304897 0.4551151693 0.9797587395 -0.1043066233 0.1220564842 0.1195624545
246.0000000000 -0.1631330401 -0.8993402719 0.4636259973 0.9796032310 -0.1062232554 0.1219246238 0.1192834675
247.0000000000 -0.1653742343 -0.9020199776 0.4708311558 0.9796246886 -0.1029887423 0.1241194457 0.1196799576
248.0000000000 -0.1659220904 -0.8985801339 0.4744804204 0.9800685048 -0.1024960652 0.1227951199 0.1178203076
249.0000000000 -0.1654676348 -0.9063090682 0.4861156940 0.9800060987 -0.1040277183 0.1230564117 0.1167200357
250.0000000000 -0.1663578302 -0.9101098776 0.4924414456 0.9800493717 -0.1061387211 0.1228523776 0.1146527454
251.0000000000 -0.1662682593 -0.9140350223 0.5038165450 0.9802362323 -0.1055492088 0.1262797713 0.1097720414
252.0000000000 -0.1667442471 -0.9209128022 0.5124376416 0.9798951745 -0.1078094617 0.1275459081 0.1091546789
253.0000000000 -0.1680912971 -0.9201374650 0.5208003521 0.9802356362 -0.1050295010 0.1301895231 0.1056303978
254.0000000000 -0.1657834947 -0.9332066774 0.5305825472 0.9797661304 -0.1096791252 0.1319731921 0.1030140370
255.0000000000 -0.1660543829 -0.9353548288 0.5401845574 0.9797673225 -0.1064019054 0.1349286437 0.1026102304
256.0000000000 -0.1636601090 -0.9455141425 0.5491833687 0.9795762300 -0.1097177267 0.1342050433 0.1018895879
257.0000000000 -0.1641818881 -0.9500274062 0.5589312911 0.9793906212 -0.1065737456 0.1368053257 0.1035400927
258.0000000000 -0.1635953933 -0.9516981244 0.5642520189 0.9793407917 -0.1070221961 0.1359860152 0.1046214476
259.0000000000 -0.1623104960 -0.9517544508 0.5708020926 0.9794779420 -0.1071681008 0.1350134015 0.1044486761
260.0000000000 -0.1602639109 -0.9650049806 0.5850095153 0.9794238806 -0.1111806855 0.1345284879 0.1013397574
261.0000000000 -0.1605625153 -0.9589856863 0.5880038738 0.9797009230 -0.1091777980 0.1347256303 0.1005753502
262.0000000000 -0.1624800563 -0.9645220637 0.6003282666 0.9792475104 -0.1104434654 0.1363110542 0.1014697105
263.0000000000 -0.1600603461 -0.9689153433 0.6066449881 0.9791401625 -0.1124133766 0.1348958611 0.1022306159
264.0000000000 -0.1598752588 -0.9724559784 0.6166127324 0.9792673588 -0.1113256738 0.1337477714 0.1036992073
265.0000000000 -0.1605633199 -0.9722998142 0.6220132709 0.9793006182 -0.1112949997 0.1340083331 0.1030808687
266.0000000000 -0.1608851850 -0.9800550342 0.6325691938 0.9792011976 -0.1116075665 0.1351856887 0.1021459028
267.0000000000 -0.1617100090 -0.9828948379 0.6379731297 0.9793439507 -0.1101686656 0.1356072277 0.1017801166
268.0000000000 -0.1616801471 -0.9810709357 0.6424972415 0.9797501564 -0.1079154015 0.1358579844 0.0999323949
269.0000000000 -0.1584228575 -0.9937638044 0.6540711522 0.9799373746 -0.1071795523 0.1366604418 0.0977720469
270.0000000000 -0.1612177193 -0.9884057045 0.6545252204 0.9802064300 -0.1028270349 0.1378425956 0.0980896279
271.0000000000 -0.1604866534 -0.9950769544 0.6630785465 0.9801552296 -0.1028359458 0.1374269277 0.0991688967
272.0000000000 -0.1589428931 -0.9902037382 0.6662471890 0.9803832769 -0.1001035273 0.1384985745 0.0982149467
273.0000000000 -0.1591120660 -1.0006752014 0.6739955544 0.9795480967 -0.1004100144 0.1427698433 0.1001002491
274.0000000000 -0.1593987793 -0.9929944873 0.6759374738 0.9798161387 -0.0975343138 0.1420814693 0.1012926251
275.0000000000 -0.1558952928 -0.9979834557 0.6843694448 0.9792478681 -0.0990870669 0.1431553215 0.1037395447
276.0000000000 -0.1574608982 -0.9914092422 0.6854585409 0.9791057706 -0.0980075672 0.1443203986 0.1044902354
277.0000000000 -0.1585491896 -0.9977701306 0.6983551383 0.9785065055 -0.1041851714 0.1458813846 0.1019276902
278.0000000000 -0.1556498259 -0.9993013144 0.7021769285 0.9783350229 -0.1051779985 0.1459723264 0.1024228111
279.0000000000 -0.1556643546 -1.0026297569 0.7071610689 0.9780178070 -0.1061242372 0.1466505080 0.1035016179
280.0000000000 -0.1548290253 -0.9977453947 0.7141912580 0.9777652621 -0.1047584713 0.1484149247 0.1047555506
281.0000000000 -0.1510231197 -1.0062929392 0.7191837430 0.9772342443 -0.1083408445 0.1493007541 0.1048091128
282.0000000000 -0.1465172023 -1.0113974810 0.7275198102 0.9773125052 -0.1085478589 0.1489823461 0.1043167338
283.0000000000 -0.1420953721 -1.0169963837 0.7312410474 0.9770247936 -0.1087668538 0.1496201158 0.1058600247
284.0000000000 -0.1386375129 -1.0115277767 0.7356899381 0.9775531888 -0.1046257615 0.1494551450 0.1053875014
285.0000000000 -0.1342466921 -1.0197644234 0.7396119833 0.9775179625 -0.1070653200 0.1483442038 0.1048323065
286.0000000000 -0.1297988743 -1.0176348686 0.7437621355 0.9781283140 -0.1023425981 0.1469755173 0.1057796255
287.0000000000 -0.1247513369 -1.0199491978 0.7473046780 0.9786275625 -0.1029216573 0.1456575692 0.1023684144
288.0000000000 -0.1180368885 -1.0217403173 0.7525386810 0.9790872335 -0.1014585942 0.1448076069 0.1006244421
289.0000000000 -0.1148977429 -1.0231167078 0.7560688257 0.9790886641 -0.1025283858 0.1440224349 0.1006531566
290.0000000000 -0.1032017767 -1.0318337679 0.7622452974 0.9793539643 -0.1016932726 0.1435067505 0.0996506512
291.0000000000 -0.1009788290 -1.0289417505 0.7645071149 0.9796612859 -0.0999184996 0.1435111612 0.0984110311
292.0000000000 -0.0902827382 -1.0396730900 0.7727776766 0.9798840284 -0.1015667692 0.1408607960 0.0983346850
293.0000000000 -0.0858860537 -1.0380327702 0.7751529217 0.9802987576 -0.0988485962 0.1409692913 0.0968035534
294.0000000000 -0.0840519071 -1.0377262831 0.7786802649 0.9804148674 -0.0982181504 0.1412948072 0.0957906097
295.0000000000 -0.0769104660 -1.0446231365 0.7865055203 0.9811059237 -0.0980125144 0.1384575069 0.0930289179
296.0000000000 -0.0733734742 -1.0452506542 0.7892541885 0.9814817905 -0.0976862609 0.1364977062 0.0923005790
297.0000000000 -0.0696587861 -1.0508567095 0.7946979403 0.9816839695 -0.0984437615 0.1343387961 0.0925129354
298.0000000000 -0.0635110810 -1.0538431406 0.7992122173 0.9828029275 -0.0966936126 0.1295791715 0.0892075822
299.0000000000 -0.0613047481 -1.0554072857 0.8014997840 0.9832745194 -0.0963438153 0.1274287403 0.0874700025
300.0000000000 -0.0573298708 -1.0654798746 0.8071495891 0.9834811091 -0.0975262374 0.1247232035 0.0877374560
301.0000000000 -0.0551682785 -1.0615687370 0.8099703789 0.9847538471 -0.0919515565 0.1208804548 0.0848108530
302.0000000000 -0.0500926748 -1.0734113455 0.8146699071 0.9849857688 -0.0941447690 0.1179250926 0.0838665217
303.0000000000 -0.0452015251 -1.0690199137 0.8161999583 0.9860441089 -0.0894731060 0.1129235774 0.0834256038
304.0000000000 -0.0415297374 -1.0819145441 0.8226942420 0.9860010147 -0.0919436961 0.1108662635 0.0840058699
305.0000000000 -0.0379686318 -1.0693196058 0.8260552287 0.9875396490 -0.0835998580 0.1041003615 0.0833044127
306.0000000000 -0.0312682241 -1.0805017948 0.8323978186 0.9875968695 -0.0874421224 0.1014764681 0.0819083601
307.0000000000 -0.0307663102 -1.0775799751 0.8356691599 0.9877744913 -0.0848913118 0.1028689146 0.0807035491
308.0000000000 -0.0351291373 -1.0766534805 0.8429607153 0.9875984788 -0.0878920928 0.1033810526 0.0789723098
309.0000000000 -0.0340887159 -1.0803986788 0.8489381671 0.9876132607 -0.0886504352 0.1012693346 0.0806579217
310.0000000000 -0.0360642113 -1.0799647570 0.8620789647 0.9875177741 -0.0897960737 0.1000290811 0.0820955113
311.0000000000 -0.0354337208 -1.0843002796 0.8695784211 0.9877299666 -0.0903742537 0.0985300094 0.0807083696
312.0000000000 -0.0350255407 -1.0873744488 0.8829066753 0.9882022738 -0.0914484859 0.0964581519 0.0760882273
313.0000000000 -0.0371376723 -1.0852138996 0.8889598846 0.9882417321 -0.0891260281 0.0971044973 0.0774954334
314.0000000000 -0.0377182290 -1.0885646343 0.8945321441 0.9880742431 -0.0887716115 0.0974536389 0.0795729309
315.0000000000 -0.0410196967 -1.0876642466 0.9095930457 0.9881240129 -0.0847747624 0.1004367992 0.0796031058
316.0000000000 -0.0418488942 -1.0956721306 0.9165471196 0.9878264666 -0.0858131275 0.1020219624 0.0801654756
317.0000000000 -0.0441637151 -1.0957456827 0.9209250212 0.9878666997 -0.0821459368 0.1046325043 0.0801464468
318.0000000000 -0.0517859422 -1.1009486914 0.9341917634 0.9876624942 -0.0798654705 0.1111395657 0.0761075020
319.0000000000 -0.0590084158 -1.1009397507 0.9415721297 0.9875355363 -0.0764783844 0.1134091914 0.0778653100
320.0000000000 -0.0601326078 -1.1064341068 0.9517237544 0.9871644378 -0.0775817856 0.1150511131 0.0790623203
321.0000000000 -0.0603202283 -1.1230314970 0.9495589733 0.9863955975 -0.0783826336 0.1175143719 0.0840860978
322.0000000000 -0.0762076303 -1.1010422707 0.9649322629 0.9867549539 -0.0699924454 0.1181952208 0.0862887427
323.0000000000 -0.0777445808 -1.1131742001 0.9748132825 0.9864354134 -0.0726272538 0.1183786243 0.0875040516
324.0000000000 -0.0780783817 -1.1178436279 0.9758182764 0.9862586260 -0.0711028874 0.1195736453 0.0891103372
325.0000000000 -0.0866284147 -1.1188929081 0.9831393957 0.9859464169 -0.0679809451 0.1221055761 0.0915352702
326.0000000000 -0.0871371180 -1.1149311066 0.9837314487 0.9860078692 -0.0650986657 0.1213663593 0.0939193666
327.0000000000 -0.0917381644 -1.1172937155 1.0000021458 0.9856018424 -0.0662344620 0.1244802773 0.0933104306
328.0000000000 -0.0931179300 -1.1190133095 1.0063631535 0.9854169488 -0.0654065013 0.1287178546 0.0900394246
329.0000000000 -0.1001228988 -1.1190268993 1.0174577236 0.9842043519 -0.0664302409 0.1382228136 0.0884503946
330.0000000000 -0.1005908176 -1.1216335297 1.0228934288 0.9839906693 -0.0674680546 0.1392742097 0.0883919820
331.0000000000 -0.0981567279 -1.1272450686 1.0352525711 0.9831454754 -0.0716948211 0.1431976110 0.0882006064
332.0000000000 -0.1016453728 -1.1257607937 1.0418174267 0.9828165770 -0.0713023394 0.1446773559 0.0897552744
333.0000000000 -0.0984987617 -1.1286360025 1.0462391376 0.9829007983 -0.0735236779 0.1430852711 0.0895938873
334.0000000000 -0.0961433426 -1.1392724514 1.0463246107 0.9826390147 -0.0734940916 0.1434482485 0.0918802619
335.0000000000 -0.1016842201 -1.1345386505 1.0537017584 0.9828174114 -0.0725311413 0.1426303089 0.0920102522
336.0000000000 -0.1008266136 -1.1417920589 1.0676769018 0.9839568734 -0.0725009292 0.1371426731 0.0881167799
337.0000000000 -0.1022537574 -1.1375550032 1.0771964788 0.9844595790 -0.0709460154 0.1359199136 0.0856257975
338.0000000000 -0.1029416397 -1.1415174007 1.0886925459 0.9851871729 -0.0703380257 0.1332259327 0.0819132105
339.0000000000 -0.0997650698 -1.1470522881 1.0935783386 0.9855495095 -0.0724727884 0.1301786900 0.0805823579
340.0000000000 -0.0967290029 -1.1495723724 1.0963652134 0.9858205914 -0.0715382472 0.1284150928 0.0809307992
341.0000000000 -0.0916483253 -1.1479445696 1.1105517149 0.9867030978 -0.0688806549 0.1255963594 0.0767995492
342.0000000000 -0.0864065737 -1.1464629173 1.1171102524 0.9868370891 -0.0681359917 0.1254954636 0.0759022906
343.0000000000 -0.0770946890 -1.1628576517 1.1201279163 0.9866646528 -0.0698727891 0.1246935800 0.0778597742
344.0000000000 -0.0707374364 -1.1597414017 1.1246427298 0.9870983362 -0.0675036758 0.1219771653 0.0787509978
345.0000000000 -0.0591144450 -1.1567307711 1.1435122490 0.9872570038 -0.0613036081 0.1189091206 0.0861758441
346.0000000000 -0.0498328768 -1.1568566561 1.1515344381 0.9871513247 -0.0642096326 0.1170290858 0.0878269821
347.0000000000 -0.0400931910 -1.1700358391 1.1571919918 0.9868584871 -0.0680010468 0.1178950891 0.0871029794
348.0000000000 -0.0265077669 -1.1694957018 1.1691145897 0.9876383543 -0.0657414272 0.1185827628 0.0786552355
349.0000000000 -0.0181865357 -1.1828364134 1.1750855446 0.9875110388 -0.0687436089 0.1192373857 0.0766726434
350.0000000000 -0.0104730409 -1.1851042509 1.1767363548 0.9876556993 -0.0656582117 0.1208474711 0.0749739781
351.0000000000 -0.0042111613 -1.1811876297 1.1869603395 0.9876334071 -0.0648626313 0.1256718487 0.0676751286
352.0000000000 -0.0010892266 -1.2037761211 1.2051337957 0.9871324301 -0.0713514239 0.1260141730 0.0678171813
353.0000000000 0.0003947145 -1.2035684586 1.2054429054 0.9878852367 -0.0670648664 0.1227001697 0.0673032254
354.0000000000 0.0109408973 -1.2225694656 1.2234686613 0.9889199734 -0.0721280873 0.1160485744 0.0580304451
355.0000000000 0.0124349799 -1.2243398428 1.2218339443 0.9892026782 -0.0718687326 0.1139133349 0.0577661395
356.0000000000 0.0107641025 -1.2365469933 1.2297555208 0.9892022014 -0.0739294067 0.1106934100 0.0613222532
357.0000000000 0.0181247573 -1.2429533005 1.2353330851 0.9901954532 -0.0713484809 0.0993749872 0.0674328059
358.0000000000 0.0220942311 -1.2510228157 1.2379808426 0.9904240966 -0.0721854046 0.0957168788 0.0684670135
359.0000000000 0.0242623687 -1.2559214830 1.2399303913 0.9905300140 -0.0717953742 0.0930434316 0.0709846914
360.0000000000 0.0314521790 -1.2587337494 1.2402477264 0.9907646179 -0.0672630146 0.0873953924 0.0788873211
361.0000000000 0.0375922583 -1.2669430971 1.2439280748 0.9905000925 -0.0693741962 0.0862131715 0.0816349164
362.0000000000 0.0414779410 -1.2731174231 1.2402305603 0.9903603792 -0.0687613934 0.0858786777 0.0841621310
363.0000000000 0.0506595746 -1.2805366516 1.2471815348 0.9906260371 -0.0685933754 0.0856652483 0.0813428015
364.0000000000 0.0458052121 -1.2705340385 1.2467836142 0.9905997515 -0.0631277338 0.0907940939 0.0805196911
365.0000000000 0.0471451804 -1.2744697332 1.2518031597 0.9904543161 -0.0658437684 0.0917428210 0.0790448561
366.0000000000 0.0534196049 -1.2813764811 1.2549680471 0.9902828336 -0.0661982596 0.0952204317 0.0767526254
367.0000000000 0.0502272360 -1.2827135324 1.2570147514 0.9897797704 -0.0670558140 0.0992508084 0.0773877054
368.0000000000 0.0527186431 -1.2903420925 1.2589766979 0.9894128442 -0.0693459064 0.0999127030 0.0791885108
369.0000000000 0.0540455095 -1.2865222692 1.2674658298 0.9892812967 -0.0661475658 0.1030361652 0.0795645341
370.0000000000 0.0569419861 -1.2936930656 1.2727997303 0.9890071154 -0.0673227981 0.1060674191 0.0779902935
371.0000000000 0.0513648093 -1.2894160748 1.2829697132 0.9889885187 -0.0660455078 0.1100908741 0.0736198202
372.0000000000 0.0522480756 -1.2977465391 1.2913979292 0.9886789918 -0.0675084442 0.1105473638 0.0757361501
373.0000000000 0.0485898927 -1.2921987772 1.2992842197 0.9885685444 -0.0656431913 0.1112964675 0.0776951015
374.0000000000 0.0433150530 -1.3004378080 1.3182647228 0.9879385233 -0.0702289790 0.1129016578 0.0793645605
375.0000000000 0.0452251099 -1.3068500757 1.3257366419 0.9878202081 -0.0719922408 0.1121608317 0.0803024322
376.0000000000 0.0410187766 -1.3057934046 1.3372503519 0.9878686666 -0.0709586963 0.1129621565 0.0794976279
377.0000000000 0.0387957506 -1.3164700270 1.3576202393 0.9877868891 -0.0758259520 0.1120082512 0.0773419291
378.0000000000 0.0345210917 -1.3179061413 1.3667269945 0.9877414107 -0.0742681846 0.1122473702 0.0790687352
379.0000000000 0.0295177307 -1.3285329342 1.3836619854 0.9879651666 -0.0785051137 0.1089289412 0.0767883360
380.0000000000 0.0239552148 -1.3304344416 1.3909435272 0.9879962206 -0.0766904801 0.1095669046 0.0773127675
381.0000000000 0.0166925229 -1.3326221704 1.4017987251 0.9881615043 -0.0756540596 0.1083772108 0.0778967217
382.0000000000 0.0122715486 -1.3357641697 1.4097199440 0.9886214137 -0.0754183754 0.1048433557 0.0771220997
383.0000000000 0.0069675930 -1.3510568142 1.4240733385 0.9886130691 -0.0752461329 0.1033702418 0.0793536752
384.0000000000 0.0001376235 -1.3509852886 1.4330782890 0.9888193011 -0.0721501857 0.1035082713 0.0794793889
385.0000000000 -0.0066068079 -1.3649502993 1.4473710060 0.9886173606 -0.0723847300 0.1041355059 0.0809437633
386.0000000000 -0.0135371797 -1.3652410507 1.4549415112 0.9886975288 -0.0699675828 0.1048054248 0.0812264681
387.0000000000 -0.0177126192 -1.3682525158 1.4607455730 0.9886509180 -0.0711336806 0.1048749387 0.0806895271
388.0000000000 -0.0219479054 -1.3851604462 1.4750400782 0.9879307151 -0.0750706792 0.1098872200 0.0792597234
389.0000000000 -0.0270081703 -1.3896597624 1.4816001654 0.9877806902 -0.0744706765 0.1127409190 0.0776725933
390.0000000000 -0.0337432772 -1.3873289824 1.4870703220 0.9876178503 -0.0746957585 0.1147475168 0.0765813813
391.0000000000 -0.0373335145 -1.4038269520 1.5048789978 0.9871008396 -0.0822891071 0.1130495965 0.0779755861
392.0000000000 -0.0357492119 -1.4108780622 1.5076231956 0.9870024920 -0.0863568187 0.1121494323 0.0761007965
393.0000000000 -0.0374126732 -1.4245153666 1.5196269751 0.9863799810 -0.0909461975 0.1154305935 0.0738869831
394.0000000000 -0.0321937874 -1.4389612675 1.5247898102 0.9859359860 -0.0959293842 0.1147406772 0.0745825991
395.0000000000 -0.0349826813 -1.4423766136 1.5255147219 0.9854896665 -0.0956010073 0.1165290177 0.0780488849
396.0000000000 -0.0364320427 -1.4457354546 1.5287584066 0.9851152897 -0.0961773694 0.1173876226 0.0807332993
397.0000000000 -0.0352409706 -1.4514738321 1.5337229967 0.9845616817 -0.0939797014 0.1194492131 0.0868228376
398.0000000000 -0.0306630321 -1.4535956383 1.5333534479 0.9843892455 -0.0962421894 0.1177818701 0.0885586366
399.0000000000 -0.0257826373 -1.4694575071 1.5372861624 0.9840012193 -0.1000636593 0.1187695414 0.0873089582
400.0000000000 -0.0294108596 -1.4654023647 1.5386201143 0.9839558601 -0.0942670181 0.1259272099 0.0841850117
401.0000000000 -0.0266435891 -1.4696414471 1.5417180061 0.9838204384 -0.0950260013 0.1249034479 0.0864092335
402.0000000000 -0.0268409792 -1.4730505943 1.5418765545 0.9834989905 -0.0938796997 0.1257700324 0.0899910629
403.0000000000 -0.0300706606 -1.4671946764 1.5455551147 0.9835093021 -0.0908740461 0.1279777735 0.0898508653
404.0000000000 -0.0316140130 -1.4719626904 1.5494893789 0.9837478399 -0.0949884728 0.1262390316 0.0853299424
405.0000000000 -0.0242368523 -1.4839202166 1.5505640507 0.9841341376 -0.0972719640 0.1232372597 0.0826493055
406.0000000000 -0.0277347490 -1.4841421843 1.5517997742 0.9842166305 -0.0908920988 0.1270850301 0.0831012130
407.0000000000 -0.0272492375 -1.4815182686 1.5523800850 0.9845863581 -0.0872579366 0.1263965815 0.0836640373
408.0000000000 -0.0259541795 -1.4824869633 1.5509198904 0.9845516086 -0.0867168978 0.1262583137 0.0848359168
409.0000000000 -0.0243242029 -1.4834626913 1.5550992489 0.9847500920 -0.0841327980 0.1260759532 0.0854036584
410.0000000000 -0.0239296108 -1.4811544418 1.5569283962 0.9845727682 -0.0826558694 0.1272362769 0.0871523768
411.0000000000 -0.0199424848 -1.4889630079 1.5599012375 0.9842339158 -0.0843911096 0.1272528917 0.0892666951
412.0000000000 -0.0188572556 -1.4857283831 1.5651794672 0.9846459031 -0.0803880319 0.1260810345 0.0900775939
413.0000000000 -0.0148704527 -1.4881074429 1.5687853098 0.9848297834 -0.0809304342 0.1254786551 0.0884068906
414.0000000000 -0.0131776230 -1.4938573837 1.5716181993 0.9847471714 -0.0813069567 0.1261315495 0.0880512670
415.0000000000 -0.0137551324 -1.4918344021 1.5774233341 0.9852612615 -0.0773457065 0.1250648350 0.0873879716
416.0000000000 -0.0105963498 -1.4980120659 1.5818594694 0.9855557084 -0.0785938650 0.1225895360 0.0864580199
417.0000000000 -0.0058428785 -1.5023553371 1.5887135267 0.9862369299 -0.0737135410 0.1199301332 0.0867172778
418.0000000000 -0.0033275064 -1.5025719404 1.5910753012 0.9864373207 -0.0720338896 0.1187503934 0.0874700844
419.0000000000 0.0005903450 -1.5089499950 1.5942610502 0.9865830541 -0.0713631064 0.1179594323 0.0874465629
420.0000000000 0.0096752644 -1.5117436647 1.6035865545 0.9869093895 -0.0704534054 0.1175759807 0.0849832818
421.0000000000 0.0104705701 -1.5143820047 1.6078616381 0.9868925214 -0.0677840114 0.1191925704 0.0850974619
422.0000000000 0.0183991585 -1.5221192837 1.6178666353 0.9863356948 -0.0686104298 0.1205827147 0.0888497680
423.0000000000 0.0221524928 -1.5196449757 1.6221338511 0.9864383340 -0.0674734786 0.1197795570 0.0896645859
424.0000000000 0.0267262831 -1.5232663155 1.6288448572 0.9863985181 -0.0688965842 0.1201631576 0.0884994492
425.0000000000 0.0348798409 -1.5347813368 1.6379016638 0.9861227274 -0.0712999105 0.1223157421 0.0867014304
426.0000000000 0.0362780653 -1.5346186161 1.6423960924 0.9860600829 -0.0710120574 0.1232129112 0.0863801092
427.0000000000 0.0428920649 -1.5430132151 1.6482692957 0.9859884381 -0.0737941191 0.1222043559 0.0862976685
428.0000000000 0.0483329184 -1.5535281897 1.6585911512 0.9857726693 -0.0764467418 0.1215632856 0.0873527303
429.0000000000 0.0531598255 -1.5586597919 1.6619671583 0.9859418869 -0.0770326331 0.1197161973 0.0874804184
430.0000000000 0.0558127649 -1.5632600784 1.6668577194 0.9859933257 -0.0784677640 0.1187795103 0.0868995860
431.0000000000 0.0628533885 -1.5779676437 1.6753966808 0.9857694507 -0.0813903958 0.1185378432 0.0870813504
432.0000000000 0.0676459521 -1.5926537514 1.6792292595 0.9854429960 -0.0838999003 0.1169268340 0.0905042514
433.0000000000 0.0678963661 -1.5943559408 1.6804469824 0.9855521321 -0.0812670812 0.1158667207 0.0930460170
434.0000000000 0.0695900247 -1.6072208881 1.6866073608 0.9857737422 -0.0826574117 0.1159174219 0.0893376023
435.0000000000 0.0699480921 -1.6182790995 1.6878383160 0.9858337641 -0.0847738162 0.1140451506 0.0891017839
436.0000000000 0.0715760067 -1.6257790327 1.6862627268 0.9859843254 -0.0844714493 0.1108330339 0.0917359889
437.0000000000 0.0716511682 -1.6336308718 1.6923059225 0.9859917760 -0.0808686092 0.1081113368 0.0979420543
438.0000000000 0.0731166974 -1.6421872377 1.6942476034 0.9861686230 -0.0811609551 0.1060882509 0.0981307477
439.0000000000 0.0719773173 -1.6427536011 1.6948831081 0.9865781069 -0.0787775964 0.1052738130 0.0968253091
440.0000000000 0.0708832741 -1.6513828039 1.6982419491 0.9867736101 -0.0774137527 0.1047719792 0.0964770913
441.0000000000 0.0700225830 -1.6542361975 1.7003058195 0.9868497849 -0.0773462281 0.1043769270 0.0961804613
442.0000000000 0.0678349808 -1.6583030224 1.7034927607 0.9872810245 -0.0754805356 0.1047199816 0.0928045213
443.0000000000 0.0676556304 -1.6623146534 1.7059845924 0.9873796701 -0.0760252103 0.1048673987 0.0911283493
444.0000000000 0.0600293837 -1.6631048918 1.7103003263 0.9873533845 -0.0743930861 0.1052408293 0.0923226848
445.0000000000 0.0602828786 -1.6700932980 1.7140836716 0.9875283837 -0.0766432732 0.1038958281 0.0901062340
446.0000000000 0.0586470328 -1.6741473675 1.7168314457 0.9876589775 -0.0753592253 0.1044344380 0.0891309604
447.0000000000 0.0516730584 -1.6786638498 1.7235031128 0.9882913828 -0.0727998167 0.1026287377 0.0863010362
448.0000000000 0.0508307144 -1.6818754673 1.7249716520 0.9886996150 -0.0709844753 0.1015180573 0.0844295099
449.0000000000 0.0444917418 -1.6869626045 1.7339737415 0.9892264605 -0.0656004772 0.1006911919 0.0836007372
450.0000000000 0.0433111601 -1.6891912222 1.7381075621 0.9897128940 -0.0628776699 0.0986381173 0.0823729783
451.0000000000 0.0417011119 -1.6913959980 1.7419615984 0.9900284410 -0.0603060573 0.0977255180 0.0815886110
452.0000000000 0.0373190083 -1.6957620382 1.7536268234 0.9902833104 -0.0531558916 0.0995842591 0.0812191069
453.0000000000 0.0349979401 -1.6946310997 1.7618418932 0.9905986190 -0.0498958901 0.0993342623 0.0797334984
454.0000000000 0.0327194072 -1.7046633959 1.7764567137 0.9905650020 -0.0481664874 0.0989939868 0.0816169828
455.0000000000 0.0298066568 -1.7052212954 1.7843410969 0.9905333519 -0.0462311730 0.0994098037 0.0826087147
456.0000000000 0.0222300421 -1.7051579952 1.8025248051 0.9909295440 -0.0447825193 0.0970836729 0.0814134851
457.0000000000 0.0228755847 -1.7172437906 1.8119297028 0.9906802177 -0.0485829487 0.0964205563 0.0830400884
458.0000000000 0.0166387390 -1.7163573503 1.8211926222 0.9904276729 -0.0480418652 0.0980279520 0.0844727829
459.0000000000 0.0116546210 -1.7409923077 1.8390870094 0.9902147651 -0.0547785573 0.1003569514 0.0800172314
460.0000000000 0.0046276893 -1.7411690950 1.8454500437 0.9901341200 -0.0485498011 0.1038806215 0.0805377141
461.0000000000 -0.0048677302 -1.7520111799 1.8606827259 0.9901251793 -0.0479038693 0.1012867764 0.0842525735
462.0000000000 -0.0101228626 -1.7546888590 1.8661755323 0.9903631210 -0.0475800373 0.1007054448 0.0823140517
463.0000000000 -0.0194098577 -1.7685945034 1.8770943880 0.9905498624 -0.0454310142 0.1034233719 0.0777856410
464.0000000000 -0.0248869695 -1.7691869736 1.8804655075 0.9907212853 -0.0455590412 0.1029451191 0.0761455521
465.0000000000 -0.0320795476 -1.7842632532 1.8903464079 0.9908632636 -0.0442758016 0.1038873196 0.0737377554
466.0000000000 -0.0363458917 -1.7900404930 1.8938422203 0.9908432364 -0.0452709943 0.1031622738 0.0744159669
467.0000000000 -0.0415233448 -1.8019882441 1.9015405178 0.9911466837 -0.0454835482 0.1011535749 0.0729907081
468.0000000000 -0.0444766767 -1.8084661961 1.9053088427 0.9909777641 -0.0449546240 0.1031332985 0.0728403777
469.0000000000 -0.0504243076 -1.8146544695 1.9132481813 0.9910754561 -0.0447279550 0.1031845659 0.0715683326
470.0000000000 -0.0526009314 -1.8203481436 1.9168903828 0.9911270738 -0.0458674021 0.1030832678 0.0702663139
471.0000000000 -0.0569291264 -1.8278032541 1.9231104851 0.9911189079 -0.0472006127 0.1050092727 0.0665482804
472.0000000000 -0.0594704486 -1.8369376659 1.9257425070 0.9911646247 -0.0474428535 0.1043828428 0.0666792095
473.0000000000 -0.0619655848 -1.8392469883 1.9288082123 0.9915471673 -0.0488152020 0.1015997007 0.0642569885
474.0000000000 -0.0622304939 -1.8460347652 1.9309563637 0.9915874004 -0.0488661714 0.1016103104 0.0635774136
475.0000000000 -0.0625686720 -1.8460785151 1.9310654402 0.9916821122 -0.0469277352 0.1013436094 0.0639828667
476.0000000000 -0.0610901006 -1.8509427309 1.9297883511 0.9918612242 -0.0478688627 0.1003744826 0.0620080344
477.0000000000 -0.0596866123 -1.8524634838 1.9292753935 0.9919524193 -0.0459150001 0.1006388441 0.0615951419
478.0000000000 -0.0596898682 -1.8560521603 1.9267839193 0.9923628569 -0.0421829484 0.0990525559 0.0602107495
479.0000000000 -0.0588101856 -1.8544937372 1.9254739285 0.9927483201 -0.0384479351 0.0976466909 0.0586317554
480.0000000000 -0.0560258068 -1.8568871021 1.9241281748 0.9928741455 -0.0371224359 0.0969617814 0.0584919527
481.0000000000 -0.0541440770 -1.8544676304 1.9217617512 0.9932701588 -0.0279511940 0.0948147848 0.0603600331
482.0000000000 -0.0525766313 -1.8579822779 1.9200735092 0.9933710098 -0.0298246127 0.0932132527 0.0602989532
483.0000000000 -0.0492491052 -1.8586996794 1.9179377556 0.9936647415 -0.0258440431 0.0924030766 0.0585180372
484.0000000000 -0.0463804230 -1.8601094484 1.9167888165 0.9938315749 -0.0248022620 0.0914539173 0.0576175340
485.0000000000 -0.0408062674 -1.8576768637 1.9139928818 0.9941853285 -0.0178473331 0.0902176276 0.0560179129
486.0000000000 -0.0365696959 -1.8583081961 1.9125075340 0.9942919612 -0.0183877368 0.0898972452 0.0544416904
487.0000000000 -0.0319501683 -1.8586753607 1.9107030630 0.9946137667 -0.0118722077 0.0890650600 0.0516715385
488.0000000000 -0.0268750899 -1.8582760096 1.9097030163 0.9946556687 -0.0109567130 0.0888473913 0.0514411926
489.0000000000 -0.0217487179 -1.8628398180 1.9071748257 0.9945243001 -0.0039019678 0.0886609852 0.0551868342
490.0000000000 -0.0191970114 -1.8621509075 1.9059214592 0.9944510460 0.0004915471 0.0893423781 0.0555414371
491.0000000000 -0.0133608412 -1.8608707190 1.9021776915 0.9945245981 0.0051457295 0.0891790465 0.0542350151
492.0000000000 -0.0118388236 -1.8586647511 1.9012335539 0.9945189953 0.0081877010 0.0893426761 0.0536918007
493.0000000000 -0.0104115698 -1.8543679714 1.8987070322 0.9944813848 0.0092887105 0.0893441141 0.0542046651
494.0000000000 -0.0054784687 -1.8562659025 1.8962649107 0.9945278168 0.0117287170 0.0883947983 0.0544356927
495.0000000000 -0.0024900348 -1.8525308371 1.8945281506 0.9945998192 0.0127387121 0.0882546157 0.0531055108
496.0000000000 -0.0022217382 -1.8557007313 1.8934307098 0.9945999384 0.0118420841 0.0885747969 0.0527768247
497.0000000000 0.0016748016 -1.8508381844 1.8907632828 0.9946553707 0.0196251906 0.0868085027 0.0523452647
498.0000000000 0.0030934017 -1.8525781631 1.8894722462 0.9948624969 0.0167552400 0.0860230923 0.0506751388
499.0000000000 0.0051835752 -1.8611216545 1.8885079622 0.9947820902 0.0186186470 0.0864552259 0.0508672260
