0.0000000000 -2.2355864048 -0.4639382362 0.1868053377 0.5305749178 -0.4042202234 -0.4515118897 0.5926494002
1.0000000000 -2.2317175865 -0.4612140357 0.1905215383 0.5237354040 -0.4037193954 -0.4579718411 0.5941159129
2.0000000000 -2.2275168896 -0.4583082199 0.1939046979 0.5171941519 -0.4031868577 -0.4641579986 0.5954056978
3.0000000000 -2.2229998112 -0.4552302659 0.1969716698 0.5109148026 -0.4026248753 -0.4701031148 0.5965420008
4.0000000000 -2.2181816101 -0.4519896507 0.1997392774 0.5048656464 -0.4020349979 -0.4758363366 0.5975435972
5.0000000000 -2.2130775452 -0.4485959113 0.2022243589 0.4990189672 -0.4014182091 -0.4813829362 0.5984262824
6.0000000000 -2.2077028751 -0.4450584948 0.2044437528 0.4933500886 -0.4007752836 -0.4867654741 0.5992030501
7.0000000000 -2.2020728588 -0.4413869083 0.2064142823 0.4878373742 -0.4001064897 -0.4920037389 0.5998848081
8.0000000000 -2.1962029934 -0.4375906587 0.2081528008 0.4824615121 -0.3994120061 -0.4971157014 0.6004806161
9.0000000000 -2.1901085377 -0.4336792231 0.2096761465 0.4772054255 -0.3986917138 -0.5021169186 0.6009980440
10.0000000000 -2.1838047504 -0.4296621382 0.2110011280 0.4720538557 -0.3979450762 -0.5070214868 0.6014433503
11.0000000000 -2.1773068905 -0.4255488217 0.2121446133 0.4669930339 -0.3971717060 -0.5118421316 0.6018220186
12.0000000000 -2.1706302166 -0.4213488400 0.2131234109 0.4620107114 -0.3963709772 -0.5165902376 0.6021384001
13.0000000000 -2.1637902260 -0.4170716405 0.2139543742 0.4570959210 -0.3955420256 -0.5212758183 0.6023963094
14.0000000000 -2.1568019390 -0.4127267301 0.2146543413 0.4522386789 -0.3946839571 -0.5259082913 0.6025987864
15.0000000000 -2.1496810913 -0.4083236158 0.2152401209 0.4474301040 -0.3937957287 -0.5304956436 0.6027483940
16.0000000000 -2.1424424648 -0.4038718045 0.2157285810 0.4426621199 -0.3928763568 -0.5350455046 0.6028472781
17.0000000000 -2.1351017952 -0.3993807435 0.2161365449 0.4379275441 -0.3919245303 -0.5395645499 0.6028971076
18.0000000000 -2.1276738644 -0.3948599398 0.2164808512 0.4332195520 -0.3909389675 -0.5440586805 0.6028993130
19.0000000000 -2.1201746464 -0.3903189003 0.2167783231 0.4285326898 -0.3899187446 -0.5485333800 0.6028551459
20.0000000000 -2.1126189232 -0.3857671022 0.2170457989 0.4238613546 -0.3888621032 -0.5529935360 0.6027653217
21.0000000000 -2.1050221920 -0.3812140822 0.2173001319 0.4192009568 -0.3877678812 -0.5574433208 0.6026305556
22.0000000000 -2.0973997116 -0.3766692877 0.2175581455 0.4145473242 -0.3866345584 -0.5618866086 0.6024514437
23.0000000000 -2.0897669792 -0.3721422255 0.2178366780 0.4098967612 -0.3854608238 -0.5663264990 0.6022283435
24.0000000000 -2.0821390152 -0.3676424026 0.2181525528 0.4052459598 -0.3842450380 -0.5707661510 0.6019612551
25.0000000000 -2.0745313168 -0.3631792963 0.2185226232 0.4005923569 -0.3829861581 -0.5752077699 0.6016506553
26.0000000000 -2.0669589043 -0.3587624133 0.2189637125 0.3959334493 -0.3816822171 -0.5796533823 0.6012964249
27.0000000000 -2.0594372749 -0.3544012308 0.2194926739 0.3912673295 -0.3803320825 -0.5841045976 0.6008987427
28.0000000000 -2.0519819260 -0.3501052558 0.2201263160 0.3865926564 -0.3789343238 -0.5885625482 0.6004574895
29.0000000000 -2.0446078777 -0.3458839655 0.2208815068 0.3819080889 -0.3774875104 -0.5930280089 0.5999727249
30.0000000000 -2.0373303890 -0.3417468667 0.2217750549 0.3772131503 -0.3759904504 -0.5975013375 0.5994443893
31.0000000000 -2.0301651955 -0.3377034664 0.2228237987 0.3725075126 -0.3744418621 -0.6019825935 0.5988727212
32.0000000000 -2.0231270790 -0.3337632418 0.2240445912 0.3677911460 -0.3728407323 -0.6064712405 0.5982576013
33.0000000000 -2.0162315369 -0.3299356699 0.2254542559 0.3630647063 -0.3711858392 -0.6109665632 0.5975993276
34.0000000000 -2.0094938278 -0.3262302876 0.2270696163 0.3583290279 -0.3694765270 -0.6154673696 0.5968980789
35.0000000000 -2.0029294491 -0.3226565421 0.2289075404 0.3535854518 -0.3677119911 -0.6199721098 0.5961543322
36.0000000000 -1.9965535402 -0.3192239702 0.2309848368 0.3488356471 -0.3658917248 -0.6244785786 0.5953683853
37.0000000000 -1.9903813601 -0.3159420490 0.2333183438 0.3440817297 -0.3640154600 -0.6289845705 0.5945408940
38.0000000000 -1.9844284058 -0.3128202558 0.2359249145 0.3393261731 -0.3620831072 -0.6334873438 0.5936728716
39.0000000000 -1.9787096977 -0.3098680973 0.2388213724 0.3345719278 -0.3600946069 -0.6379837394 0.5927649140
40.0000000000 -1.9732408524 -0.3070950508 0.2420245558 0.3298223913 -0.3580507338 -0.6424700618 0.5918184519
41.0000000000 -1.9680368900 -0.3045106232 0.2455512881 0.3250811696 -0.3559520543 -0.6469425559 0.5908347368
42.0000000000 -1.9631133080 -0.3021243215 0.2494184226 0.3203524649 -0.3537998199 -0.6513969302 0.5898153782
43.0000000000 -1.9584852457 -0.2999456525 0.2536427975 0.3156407475 -0.3515956104 -0.6558282971 0.5887621045
44.0000000000 -1.9541682005 -0.2979840636 0.2582412064 0.3109510541 -0.3493411243 -0.6602317691 0.5876769423
45.0000000000 -1.9501773119 -0.2962490618 0.2632305622 0.3062885702 -0.3470389843 -0.6646020412 0.5865623951
46.0000000000 -1.9465255737 -0.2947476804 0.2686237395 0.3016594052 -0.3446913660 -0.6689325571 0.5854218006
47.0000000000 -1.9432107210 -0.2934711874 0.2744091153 0.2970721424 -0.3422979116 -0.6732122898 0.5842649341
48.0000000000 -1.9402250051 -0.2924047410 0.2805654705 0.2925368845 -0.3398575187 -0.6774275303 0.5831047297
49.0000000000 -1.9375600815 -0.2915335000 0.2870714962 0.2880641818 -0.3373703957 -0.6815640330 0.5819543600
50.0000000000 -1.9352082014 -0.2908425927 0.2939059436 0.2836654186 -0.3348372877 -0.6856067181 0.5808282495
51.0000000000 -1.9331612587 -0.2903171480 0.3010475338 0.2793523669 -0.3322600722 -0.6895405054 0.5797408223
52.0000000000 -1.9314110279 -0.2899423242 0.3084750175 0.2751374543 -0.3296417892 -0.6933491230 0.5787078738
53.0000000000 -1.9299497604 -0.2897032797 0.3161670864 0.2710333467 -0.3269861639 -0.6970162392 0.5777450800
54.0000000000 -1.9287692308 -0.2895851135 0.3241024613 0.2670531571 -0.3242979944 -0.7005251646 0.5768691301
55.0000000000 -1.9278615713 -0.2895729840 0.3322599232 0.2632105649 -0.3215834200 -0.7038587332 0.5760965943
56.0000000000 -1.9272185564 -0.2896520495 0.3406181931 0.2595192492 -0.3188490570 -0.7069995999 0.5754448175
57.0000000000 -1.9268323183 -0.2898074389 0.3491559625 0.2559932768 -0.3161026239 -0.7099300623 0.5749312639
58.0000000000 -1.9266948700 -0.2900242805 0.3578519821 0.2526467144 -0.3133530021 -0.7126325965 0.5745732784
59.0000000000 -1.9267979860 -0.2902877331 0.3666849732 0.2494936138 -0.3106093705 -0.7150895000 0.5743882060
60.0000000000 -1.9271337986 -0.2905829549 0.3756336868 0.2465484738 -0.3078812957 -0.7172831893 0.5743935108
61.0000000000 -1.9276942015 -0.2908950448 0.3846768439 0.2438250482 -0.3051796257 -0.7191959620 0.5746058822
62.0000000000 -1.9284710884 -0.2912091613 0.3937931657 0.2413375080 -0.3025147319 -0.7208106518 0.5750418901
63.0000000000 -1.9294567108 -0.2915104628 0.4029613733 0.2390993983 -0.2998974919 -0.7221100926 0.5757169724
64.0000000000 -1.9306427240 -0.2917840481 0.4121602178 0.2371242940 -0.2973387539 -0.7230775356 0.5766460896
65.0000000000 -1.9320212603 -0.2920151055 0.4213684201 0.2354251593 -0.2948490679 -0.7236965895 0.5778427720
66.0000000000 -1.9335843325 -0.2921887636 0.4305647016 0.2340137661 -0.2924379408 -0.7239524126 0.5793190598
67.0000000000 -1.9353238344 -0.2922901511 0.4397277832 0.2328871489 -0.2901110947 -0.7238483429 0.5810703635
68.0000000000 -1.9372317791 -0.2923044264 0.4488364160 0.2320273817 -0.2878687680 -0.7234054208 0.5830777287
69.0000000000 -1.9393000603 -0.2922167182 0.4578693509 0.2314161956 -0.2857097685 -0.7226452231 0.5853208303
70.0000000000 -1.9415206909 -0.2920121551 0.4668052495 0.2310344726 -0.2836308181 -0.7215903401 0.5877789855
71.0000000000 -1.9438856840 -0.2916758955 0.4756228924 0.2308631986 -0.2816281021 -0.7202627063 0.5904316902
72.0000000000 -1.9463869333 -0.2911930978 0.4843010008 0.2308831513 -0.2796963453 -0.7186844945 0.5932583809
73.0000000000 -1.9490165710 -0.2905488610 0.4928183258 0.2310754657 -0.2778296769 -0.7168778777 0.5962390900
74.0000000000 -1.9517663717 -0.2897283435 0.5011535287 0.2314210832 -0.2760215104 -0.7148642540 0.5993542671
75.0000000000 -1.9546284676 -0.2887167037 0.5092853904 0.2319015115 -0.2742651105 -0.7126650214 0.6025852561
76.0000000000 -1.9575946331 -0.2874990702 0.5171926618 0.2324983627 -0.2725532055 -0.7103010416 0.6059140563
77.0000000000 -1.9606570005 -0.2860606015 0.5248540044 0.2331936955 -0.2708786130 -0.7077924609 0.6093236804
78.0000000000 -1.9638075829 -0.2843863964 0.5322481990 0.2339696884 -0.2692335248 -0.7051592469 0.6127984524
79.0000000000 -1.9670382738 -0.2824616432 0.5393539667 0.2348092198 -0.2676109076 -0.7024205923 0.6163233519
80.0000000000 -1.9703409672 -0.2802714705 0.5461500287 0.2356954068 -0.2660031617 -0.6995947957 0.6198848486
81.0000000000 -1.9737076759 -0.2778009772 0.5526151061 0.2366115004 -0.2644027770 -0.6966999769 0.6234703660
82.0000000000 -1.9771305323 -0.2750353515 0.5587279797 0.2375415415 -0.2628024817 -0.6937534213 0.6270686984
83.0000000000 -1.9806013107 -0.2719597518 0.5644672513 0.2384694517 -0.2611952722 -0.6907714009 0.6306697130
84.0000000000 -1.9841120243 -0.2685592473 0.5698118210 0.2393796444 -0.2595735490 -0.6877702475 0.6342642903
85.0000000000 -1.9876546860 -0.2648190558 0.5747402906 0.2402564585 -0.2579298913 -0.6847651005 0.6378446817
86.0000000000 -1.9912213087 -0.2607242465 0.5792314410 0.2410846204 -0.2562572956 -0.6817707419 0.6414040923
87.0000000000 -1.9948037863 -0.2562600374 0.5832639933 0.2418486774 -0.2545477152 -0.6788014770 0.6449366212
88.0000000000 -1.9983941317 -0.2514114976 0.5868167281 0.2425331324 -0.2527938485 -0.6758708358 0.6484377980
89.0000000000 -2.0019843578 -0.2461638153 0.5898682475 0.2431221455 -0.2509870231 -0.6729923487 0.6519037485
90.0000000000 -2.0055663586 -0.2405022830 0.5923975706 0.2435995787 -0.2491188496 -0.6701789498 0.6553313732
91.0000000000 -2.0091354847 -0.2344302386 0.5944006443 0.2439502925 -0.2471834272 -0.6674450636 0.6587151885
92.0000000000 -2.0126943588 -0.2279854417 0.5959064364 0.2441714853 -0.2451845855 -0.6647967100 0.6620500684
93.0000000000 -2.0162453651 -0.2212094814 0.5969473124 0.2442681193 -0.2431287020 -0.6622316837 0.6653350592
94.0000000000 -2.0197916031 -0.2141439766 0.5975557566 0.2442444116 -0.2410221696 -0.6597487926 0.6685690880
95.0000000000 -2.0233359337 -0.2068305314 0.5977643728 0.2441049069 -0.2388714403 -0.6573474407 0.6717497110
96.0000000000 -2.0268812180 -0.1993107349 0.5976055861 0.2438535541 -0.2366824746 -0.6550278068 0.6748743057
97.0000000000 -2.0304303169 -0.1916262209 0.5971119404 0.2434946597 -0.2344622165 -0.6527910233 0.6779393554
98.0000000000 -2.0339858532 -0.1838185489 0.5963158607 0.2430318445 -0.2322169244 -0.6506387591 0.6809405684
99.0000000000 -2.0375511646 -0.1759293675 0.5952498913 0.2424691021 -0.2299535275 -0.6485736966 0.6838730574
100.0000000000 -2.0411288738 -0.1680002660 0.5939465761 0.2418104857 -0.2276793122 -0.6465990543 0.6867310405
101.0000000000 -2.0447218418 -0.1600728333 0.5924382806 0.2410600334 -0.2254013866 -0.6447193027 0.6895080805
102.0000000000 -2.0483329296 -0.1521886885 0.5907576084 0.2402221113 -0.2231276929 -0.6429395080 0.6921966076
103.0000000000 -2.0519649982 -0.1443894356 0.5889369845 0.2393012047 -0.2208666652 -0.6412656903 0.6947885752
104.0000000000 -2.0556211472 -0.1367166787 0.5870089531 0.2383021563 -0.2186270058 -0.6397049427 0.6972746253
105.0000000000 -2.0593037605 -0.1292120218 0.5850059986 0.2372301668 -0.2164182514 -0.6382653117 0.6996444464
106.0000000000 -2.0630164146 -0.1219170764 0.5829606056 0.2360910177 -0.2142504901 -0.6369559765 0.7018867135
107.0000000000 -2.0667612553 -0.1148734316 0.5809052587 0.2348907739 -0.2121348977 -0.6357870102 0.7039887309
108.0000000000 -2.0705416203 -0.1081226990 0.5788725019 0.2336360216 -0.2100829929 -0.6347699761 0.7059365511
109.0000000000 -2.0743601322 -0.1017064899 0.5768947601 0.2323343605 -0.2081076801 -0.6339177489 0.7077147961
110.0000000000 -2.0782198906 -0.0956664011 0.5750045776 0.2309938520 -0.2062231749 -0.6332442760 0.7093064785
111.0000000000 -2.0821237564 -0.0900440365 0.5732344389 0.2296228707 -0.2044445425 -0.6327649951 0.7106928825
112.0000000000 -2.0860743523 -0.0848810077 0.5716168284 0.2282313704 -0.2027885467 -0.6324970722 0.7118530273
113.0000000000 -2.0900747776 -0.0802189112 0.5701842904 0.2268295139 -0.2012733817 -0.6324591041 0.7127643824
114.0000000000 -2.0941276550 -0.0760993510 0.5689692497 0.2254286706 -0.1999187171 -0.6326714158 0.7134013176
115.0000000000 -2.0982360840 -0.0725639462 0.5680042505 0.2240408361 -0.1987469941 -0.6331561208 0.7137356997
116.0000000000 -2.1024029255 -0.0696542859 0.5673217773 0.2226790637 -0.1977822483 -0.6339370608 0.7137366533
117.0000000000 -2.1066308022 -0.0674097613 0.5669527054 0.2213568389 -0.1970514059 -0.6350396872 0.7133697867
118.0000000000 -2.1109209061 -0.0658348203 0.5669020414 0.2200849801 -0.1965759099 -0.6364858747 0.7126052976
119.0000000000 -2.1152725220 -0.0649061352 0.5671545267 0.2188711166 -0.1963746697 -0.6382941604 0.7114162445
120.0000000000 -2.1196854115 -0.0645996034 0.5676940680 0.2177232653 -0.1964685768 -0.6404832602 0.7097731829
121.0000000000 -2.1241590977 -0.0648911223 0.5685048103 0.2166496515 -0.1968806088 -0.6430716515 0.7076438665
122.0000000000 -2.1286931038 -0.0657565966 0.5695707798 0.2156583965 -0.1976357400 -0.6460770369 0.7049936652
123.0000000000 -2.1332867146 -0.0671719164 0.5708759427 0.2147570550 -0.1987615079 -0.6495152712 0.7017856836
124.0000000000 -2.1379396915 -0.0691129938 0.5724043846 0.2139527053 -0.2002869546 -0.6533995867 0.6979817152
125.0000000000 -2.1426515579 -0.0715557188 0.5741401911 0.2132514268 -0.2022426575 -0.6577391624 0.6935423613
126.0000000000 -2.1474218369 -0.0744759887 0.5760673285 0.2126579583 -0.2046599984 -0.6625378132 0.6884291172
127.0000000000 -2.1522500515 -0.0778497085 0.5781698823 0.2121677548 -0.2075605989 -0.6677899957 0.6826127172
128.0000000000 -2.1571357250 -0.0816527754 0.5804318786 0.2117645442 -0.2109516114 -0.6734806895 0.6760761738
129.0000000000 -2.1620783806 -0.0858610868 0.5828373432 0.2114289850 -0.2148370445 -0.6795879602 0.6688072681
130.0000000000 -2.1670775414 -0.0904505476 0.5853703022 0.2111392915 -0.2192178369 -0.6860821247 0.6607987881
131.0000000000 -2.1721327305 -0.0953970477 0.5880148411 0.2108722180 -0.2240912616 -0.6929259300 0.6520503759
132.0000000000 -2.1772434711 -0.1006764919 0.5907549858 0.2106028348 -0.2294499576 -0.7000739574 0.6425695419
133.0000000000 -2.1824092865 -0.1062647775 0.5935748219 0.2103061676 -0.2352818698 -0.7074729204 0.6323732138
134.0000000000 -2.1876299381 -0.1121378019 0.5964582562 0.2099572420 -0.2415689230 -0.7150620222 0.6214891076
135.0000000000 -2.1929047108 -0.1182714701 0.5993894935 0.2095324099 -0.2482875586 -0.7227741480 0.6099565625
136.0000000000 -2.1982328892 -0.1246416792 0.6023524404 0.2090099454 -0.2554074526 -0.7305372357 0.5978271365
137.0000000000 -2.2036147118 -0.1312243193 0.6053311825 0.2083710581 -0.2628926337 -0.7382760644 0.5851644278
138.0000000000 -2.2090489864 -0.1379953027 0.6083097458 0.2076004595 -0.2707003057 -0.7459153533 0.5720435381
139.0000000000 -2.2145357132 -0.1449305266 0.6112722158 0.2066868693 -0.2787829041 -0.7533810735 0.5585496426
140.0000000000 -2.2200741768 -0.1520058811 0.6142026186 0.2056239843 -0.2870875299 -0.7606039643 0.5447761416
141.0000000000 -2.2256641388 -0.1591972858 0.6170849800 0.2044093758 -0.2955581248 -0.7675221562 0.5308218598
142.0000000000 -2.2313048840 -0.1664806008 0.6199033260 0.2030451447 -0.3041355312 -0.7740826011 0.5167885423
143.0000000000 -2.2369959354 -0.1738317609 0.6226417422 0.2015371472 -0.3127589524 -0.7802433968 0.5027772188
144.0000000000 -2.2427370548 -0.1812266558 0.6252841949 0.1998945773 -0.3213677108 -0.7859745026 0.4888855517
145.0000000000 -2.2485277653 -0.1886411905 0.6278147697 0.1981285661 -0.3299015462 -0.7912585139 0.4752052426
146.0000000000 -2.2543673515 -0.1960512400 0.6302174926 0.1962520480 -0.3383020163 -0.7960903645 0.4618193507
147.0000000000 -2.2602555752 -0.2034327239 0.6324764490 0.1942786872 -0.3465130329 -0.8004761934 0.4488011301
148.0000000000 -2.2661917210 -0.2107615471 0.6345756650 0.1922217906 -0.3544818461 -0.8044326901 0.4362127483
149.0000000000 -2.2721755505 -0.2180135846 0.6364991069 0.1900943667 -0.3621592820 -0.8079852462 0.4241046906
150.0000000000 -2.2782065868 -0.2251647562 0.6382309198 0.1879080981 -0.3694995046 -0.8111663461 0.4125165641
151.0000000000 -2.2842843533 -0.2321909517 0.6397550106 0.1856727898 -0.3764607310 -0.8140141964 0.4014769793
152.0000000000 -2.2904081345 -0.2390680760 0.6410555840 0.1833973080 -0.3830052018 -0.8165707588 0.3910047412
153.0000000000 -2.2965776920 -0.2457720190 0.6421165466 0.1810878962 -0.3890984058 -0.8188803196 0.3811100721
154.0000000000 -2.3027927876 -0.2522786856 0.6429219842 0.1787496209 -0.3947093189 -0.8209878802 0.3717957437
155.0000000000 -2.3090522289 -0.2585639954 0.6434559822 0.1763853431 -0.3998096585 -0.8229391575 0.3630588353
156.0000000000 -2.3153562546 -0.2646037936 0.6437025070 0.1739969403 -0.4043743014 -0.8247780800 0.3548910916
157.0000000000 -2.3217041492 -0.2703740299 0.6436456442 0.1715841889 -0.4083800018 -0.8265475035 0.3472808897
158.0000000000 -2.3280947208 -0.2758539319 0.6432716846 0.1691466868 -0.4118074775 -0.8282870650 0.3402124643
159.0000000000 -2.3345236778 -0.2810431719 0.6425812244 0.1666830629 -0.4146513045 -0.8300315738 0.3336594403
160.0000000000 -2.3409843445 -0.2859493196 0.6415801048 0.1641921401 -0.4169118404 -0.8318108320 0.3275916278
161.0000000000 -2.3474712372 -0.2905798852 0.6402742267 0.1616713703 -0.4185893834 -0.8336510062 0.3219804764
162.0000000000 -2.3539781570 -0.2949423790 0.6386694908 0.1591179371 -0.4196850359 -0.8355750442 0.3167972565
163.0000000000 -2.3604989052 -0.2990443110 0.6367717981 0.1565282792 -0.4201985002 -0.8376026750 0.3120157719
164.0000000000 -2.3670272827 -0.3028932512 0.6345871091 0.1538984776 -0.4201294780 -0.8397512436 0.3076109588
165.0000000000 -2.3735578060 -0.3064966798 0.6321212649 0.1512242109 -0.4194762409 -0.8420348167 0.3035595119
166.0000000000 -2.3800837994 -0.3098621666 0.6293802261 0.1485006213 -0.4182357192 -0.8444657326 0.2998400927
167.0000000000 -2.3865995407 -0.3129971921 0.6263698936 0.1457237005 -0.4164036810 -0.8470537066 0.2964331210
168.0000000000 -2.3930988312 -0.3159093261 0.6230961084 0.1428879946 -0.4139737487 -0.8498069048 0.2933210433
169.0000000000 -2.3995757103 -0.3186060488 0.6195648313 0.1399882883 -0.4109373391 -0.8527312279 0.2904880941
170.0000000000 -2.4060242176 -0.3210949302 0.6157819033 0.1370195597 -0.4072842896 -0.8558310866 0.2879207730
171.0000000000 -2.4124379158 -0.3233834803 0.6117533445 0.1339761168 -0.4030014575 -0.8591092229 0.2856074572
172.0000000000 -2.4188113213 -0.3254792094 0.6074849367 0.1308525652 -0.3980739415 -0.8625665307 0.2835380733
173.0000000000 -2.4251377583 -0.3273896277 0.6029826999 0.1276431531 -0.3924840391 -0.8662019372 0.2817048728
174.0000000000 -2.4314115047 -0.3291223049 0.5982524753 0.1243415251 -0.3862110376 -0.8700129986 0.2801027298
175.0000000000 -2.4376266003 -0.3306847513 0.5933001637 0.1209418848 -0.3792325258 -0.8739947677 0.2787275314
176.0000000000 -2.4437768459 -0.3320844769 0.5881316662 0.1174376681 -0.3715228438 -0.8781399131 0.2775780261
177.0000000000 -2.4498560429 -0.3333290219 0.5827529430 0.1138219386 -0.3630539477 -0.8824388385 0.2766553462
178.0000000000 -2.4558584690 -0.3344259262 0.5771698356 0.1100878939 -0.3537960947 -0.8868786693 0.2759627700
179.0000000000 -2.4617776871 -0.3353826702 0.5713882446 0.1062279493 -0.3437171280 -0.8914429545 0.2755062878
180.0000000000 -2.4676079750 -0.3362068236 0.5654141307 0.1022345051 -0.3327838480 -0.8961117268 0.2752941847
181.0000000000 -2.4733431339 -0.3369058967 0.5592533946 0.0980986506 -0.3209616542 -0.9008601308 0.2753387392
182.0000000000 -2.4789769650 -0.3374873996 0.5529118776 0.0938118547 -0.3082170486 -0.9056580067 0.2756543756
183.0000000000 -2.4845037460 -0.3379588723 0.5463955998 0.0893638656 -0.2945172489 -0.9104693532 0.2762593031
184.0000000000 -2.4899170399 -0.3383278251 0.5397103429 0.0847533420 -0.2798635960 -0.9152429700 0.2771705985
185.0000000000 -2.4952111244 -0.3386018276 0.5328620672 0.0799945369 -0.2643263042 -0.9199060202 0.2783981860
186.0000000000 -2.5003798008 -0.3387883604 0.5258566737 0.0751050711 -0.2479937226 -0.9243845940 0.2799492478
187.0000000000 -2.5054168701 -0.3388949633 0.5187000632 0.0700968280 -0.2309637219 -0.9286085963 0.2818304002
188.0000000000 -2.5103166103 -0.3389291465 0.5113981962 0.0649853349 -0.2133454978 -0.9325127602 0.2840435207
189.0000000000 -2.5150725842 -0.3388984799 0.5039569139 0.0597821660 -0.1952564120 -0.9360385537 0.2865886092
190.0000000000 -2.5196788311 -0.3388104439 0.4963820875 0.0544991642 -0.1768193394 -0.9391365647 0.2894603014
191.0000000000 -2.5241296291 -0.3386725783 0.4886797071 0.0491471514 -0.1581613570 -0.9417674541 0.2926492989
192.0000000000 -2.5284185410 -0.3384923935 0.4808556437 0.0437388346 -0.1394106597 -0.9439024925 0.2961412966
193.0000000000 -2.5325396061 -0.3382774591 0.4729157984 0.0382829905 -0.1206910759 -0.9455254674 0.2999163866
194.0000000000 -2.5364868641 -0.3380352557 0.4648660719 0.0327906907 -0.1021225825 -0.9466308951 0.3039502203
195.0000000000 -2.5402543545 -0.3377733231 0.4567123950 0.0272713192 -0.0838148296 -0.9472252727 0.3082137704
196.0000000000 -2.5438356400 -0.3374992013 0.4484606385 0.0217404850 -0.0658684820 -0.9473248720 0.3126727343
197.0000000000 -2.5472247601 -0.3372204006 0.4401167333 0.0162079036 -0.0483717993 -0.9469555020 0.3172898889
198.0000000000 -2.5504159927 -0.3369444311 0.4316865802 0.0106849447 -0.0313994810 -0.9461501241 0.3220247626
199.0000000000 -2.5534031391 -0.3366788626 0.4231760502 -0.0051919399 0.0150110507 0.9449484348 -0.3268336058
