0.0000000000 2.0559461117 1.4143396616 -2.7121624947 0.9798239470 0.1944719553 -0.0454516560 0.0077401232
1.0000000000 2.0493903160 1.4156055450 -2.7134609222 0.9798377156 0.1943301857 -0.0457673185 0.0076973536
2.0000000000 2.0432586670 1.4160395861 -2.7152433395 0.9799064994 0.1938955039 -0.0460729599 0.0080660004
3.0000000000 2.0485010147 1.4141281843 -2.7117600441 0.9800012708 0.1933278739 -0.0463728569 0.0084651923
4.0000000000 2.0598630905 1.4085386992 -2.7105109692 0.9800337553 0.1930762380 -0.0466957241 0.0086547285
5.0000000000 2.0590319633 1.4149161577 -2.7127494812 0.9799503088 0.1934070289 -0.0470878892 0.0085924352
6.0000000000 2.0557258129 1.4198467731 -2.7107036114 0.9799276590 0.1934308112 -0.0474749282 0.0085100895
7.0000000000 2.0619556904 1.4110736847 -2.7104008198 0.9799659252 0.1931082159 -0.0479586907 0.0087169809
8.0000000000 2.0660889149 1.4104021788 -2.7086248398 0.9799038172 0.1933209151 -0.0483714677 0.0087048486
9.0000000000 2.0672168732 1.4060494900 -2.7069633007 0.9798778892 0.1934332252 -0.0484878644 0.0084873755
10.0000000000 2.0673997402 1.4058444500 -2.7065389156 0.9797872901 0.1938897371 -0.0485086329 0.0084002232
11.0000000000 2.0669746399 1.4055815935 -2.7070138454 0.9796965122 0.1943029314 -0.0486718193 0.0084995972
12.0000000000 2.0748167038 1.3972063065 -2.7076697350 0.9796448350 0.1944772303 -0.0490208045 0.0084621981
13.0000000000 2.0667734146 1.4061312675 -2.7069346905 0.9795154929 0.1952189952 -0.0487130880 0.0081345188
14.0000000000 2.0661909580 1.4065817595 -2.7075917721 0.9794920087 0.1953159422 -0.0488007665 0.0081009511
15.0000000000 2.0624933243 1.4076657295 -2.7078132629 0.9795094132 0.1952393353 -0.0487594865 0.0080881696
16.0000000000 2.0637981892 1.4048308134 -2.7083895206 0.9795893431 0.1948145330 -0.0488495380 0.0081075057
17.0000000000 2.0655541420 1.4058862925 -2.7066569328 0.9796472788 0.1945087612 -0.0489054732 0.0081137940
18.0000000000 2.0679354668 1.4041552544 -2.7061860561 0.9797163010 0.1941277385 -0.0490106978 0.0082653547
19.0000000000 2.0703456402 1.4036548138 -2.7042422295 0.9797856212 0.1937955469 -0.0489315912 0.0083210748
20.0000000000 2.0722773075 1.4025336504 -2.7026126385 0.9798324108 0.1936366260 -0.0486324057 0.0082595749
21.0000000000 2.0751345158 1.3996220827 -2.7008640766 0.9798385501 0.1936607957 -0.0484031960 0.0083102873
22.0000000000 2.0812492371 1.3904821873 -2.7009258270 0.9798748493 0.1935312152 -0.0481499732 0.0085283387
23.0000000000 2.0909504890 1.3813092709 -2.7020153999 0.9798635244 0.1936426312 -0.0479075052 0.0086548645
24.0000000000 2.0926716328 1.3798509836 -2.7028286457 0.9797961712 0.1940814406 -0.0474836677 0.0087822992
25.0000000000 2.0927054882 1.3779805899 -2.7022881508 0.9797081947 0.1946133226 -0.0470584109 0.0091134366
26.0000000000 2.0923657417 1.3812959194 -2.7023403645 0.9795994759 0.1952200085 -0.0467503369 0.0094035249
27.0000000000 2.1041214466 1.3679175377 -2.7006304264 0.9796091318 0.1952060014 -0.0465526953 0.0096633295
28.0000000000 2.0985176563 1.3702303171 -2.7056930065 0.9795053005 0.1958693266 -0.0458813421 0.0099789528
29.0000000000 2.0712997913 1.3786716461 -2.7092092037 0.9794331193 0.1962767392 -0.0452796966 0.0116609698
30.0000000000 2.0763030052 1.3679717779 -2.7090427876 0.9793692231 0.1961870939 -0.0461635627 0.0146810953
31.0000000000 2.1126856804 1.3462872505 -2.7034585476 0.9793573618 0.1958728284 -0.0470782034 0.0166336466
32.0000000000 2.1566016674 1.3291467428 -2.6955580711 0.9792316556 0.1965819895 -0.0469265208 0.0160881206
33.0000000000 2.1719949245 1.3358442783 -2.6931712627 0.9788922668 0.1987492442 -0.0456126332 0.0137198102
34.0000000000 2.1566739082 1.3474673033 -2.7021605968 0.9786466360 0.2004458755 -0.0440572985 0.0114627043
35.0000000000 2.1184930801 1.3698790073 -2.7115919590 0.9785825610 0.2010306865 -0.0429561026 0.0108448612
36.0000000000 2.1007490158 1.3692862988 -2.7120146751 0.9788022637 0.1998698413 -0.0429781266 0.0122956960
37.0000000000 2.1130883694 1.3572331667 -2.7049095631 0.9790563583 0.1984257847 -0.0433103181 0.0141522130
38.0000000000 2.1377248764 1.3358595371 -2.6951012611 0.9792578816 0.1974460036 -0.0428454392 0.0152771203
39.0000000000 2.1588897705 1.3267146349 -2.6905410290 0.9792453647 0.1977495253 -0.0416394100 0.0154901342
40.0000000000 2.1677930355 1.3319063187 -2.6890537739 0.9790821671 0.1988565326 -0.0402952768 0.0151879890
41.0000000000 2.1710543633 1.3397480249 -2.6881792545 0.9788873196 0.1999660283 -0.0396838821 0.0147871394
42.0000000000 2.1781461239 1.3398542404 -2.6853923798 0.9787663221 0.2006300986 -0.0395356193 0.0141783152
43.0000000000 2.1754388809 1.3399579525 -2.6885778904 0.9786807895 0.2011255026 -0.0393197164 0.0136552742
44.0000000000 2.1843523979 1.3440147638 -2.6860468388 0.9784281254 0.2021857053 -0.0403118059 0.0132018533
45.0000000000 2.1866300106 1.3528330326 -2.6840119362 0.9781495333 0.2033898383 -0.0414018407 0.0119143333
46.0000000000 2.1718387604 1.3558437824 -2.6861183643 0.9780940413 0.2036303282 -0.0418838412 0.0106057301
47.0000000000 2.1668586731 1.3470965624 -2.6842365265 0.9781292081 0.2033345103 -0.0425928682 0.0102165760
48.0000000000 2.1505150795 1.3527964354 -2.6823327541 0.9781149626 0.2034511715 -0.0424113311 0.0100012571
49.0000000000 2.1489787102 1.3468607664 -2.6809217930 0.9782209396 0.2028004378 -0.0428882837 0.0107854204
50.0000000000 2.1570632458 1.3383142948 -2.6761951447 0.9782319665 0.2025787085 -0.0434997752 0.0114825079
51.0000000000 2.1597001553 1.3548151255 -2.6738018990 0.9780761003 0.2031940967 -0.0441561006 0.0113826012
52.0000000000 2.1599776745 1.3554185629 -2.6682910919 0.9780941010 0.2029440254 -0.0449528545 0.0111813936
53.0000000000 2.1693921089 1.3492232561 -2.6665687561 0.9781092405 0.2026990205 -0.0458670966 0.0105646430
54.0000000000 2.1614024639 1.3667426109 -2.6661322117 0.9780115485 0.2030746192 -0.0465538613 0.0093204677
55.0000000000 2.1593747139 1.3649721146 -2.6621799469 0.9780672789 0.2025617510 -0.0476923212 0.0088663604
56.0000000000 2.1672468185 1.3576836586 -2.6599164009 0.9780586362 0.2022812068 -0.0491211340 0.0084107229
57.0000000000 2.1596755981 1.3534450531 -2.6595118046 0.9780536890 0.2021534741 -0.0498238131 0.0079083713
58.0000000000 2.1553585529 1.3486211300 -2.6566462517 0.9780599475 0.2020164579 -0.0502300300 0.0080642095
59.0000000000 2.1619257927 1.3527433872 -2.6550862789 0.9779614806 0.2022930384 -0.0510343648 0.0080322772
60.0000000000 2.1609032154 1.3515498638 -2.6532077789 0.9779977202 0.2020370811 -0.0513970740 0.0077381460
61.0000000000 2.1573922634 1.3565407991 -2.6522629261 0.9779965281 0.2020105273 -0.0515456982 0.0075964285
62.0000000000 2.1633462906 1.3667464256 -2.6487381458 0.9780139327 0.2017777711 -0.0521903448 0.0071177562
63.0000000000 2.1714608669 1.3484896421 -2.6457586288 0.9782510996 0.2006222755 -0.0522913747 0.0064155702
64.0000000000 2.1640927792 1.3521203995 -2.6474087238 0.9782722592 0.2006659657 -0.0517849512 0.0059220567
65.0000000000 2.1620349884 1.3496079445 -2.6440632343 0.9783036113 0.2005555928 -0.0516168363 0.0059310868
66.0000000000 2.1835999489 1.3284989595 -2.6386468410 0.9783604741 0.2003301829 -0.0514434651 0.0056710592
67.0000000000 2.1835989952 1.3218092918 -2.6405048370 0.9783369899 0.2008384317 -0.0499474593 0.0050953515
68.0000000000 2.1896412373 1.3191546202 -2.6384270191 0.9782324433 0.2016261965 -0.0488623753 0.0045523243
69.0000000000 2.1969866753 1.3017081022 -2.6378297806 0.9781734347 0.2022104114 -0.0476620533 0.0040078233
70.0000000000 2.2004389763 1.2941688299 -2.6392002106 0.9779615402 0.2035623491 -0.0462863967 0.0033501454
71.0000000000 2.2029531002 1.2892299891 -2.6390364170 0.9777398705 0.2049260288 -0.0449900404 0.0024386540
72.0000000000 2.2050380707 1.2777593136 -2.6409165859 0.9775468111 0.2061578631 -0.0435841866 0.0013444218
73.0000000000 2.1938641071 1.2793699503 -2.6444275379 0.9772786498 0.2077723742 -0.0419196747 0.0001577956
74.0000000000 2.1860661507 1.2757375240 -2.6450376511 0.9771947861 0.2084963471 -0.0402306356 -0.0011316888
75.0000000000 2.1819558144 1.2568982840 -2.6473991871 0.9772318006 0.2087055445 -0.0381483063 -0.0022096634
76.0000000000 2.1627588272 1.2589787245 -2.6516857147 0.9771093130 0.2096923143 -0.0357390456 -0.0030426488
77.0000000000 2.1511313915 1.2575932741 -2.6501796246 0.9770652652 0.2102507353 -0.0335313678 -0.0037079242
78.0000000000 2.1477327347 1.2439482212 -2.6503124237 0.9770440459 0.2106868476 -0.0312698148 -0.0042641982
79.0000000000 2.1266155243 1.2519692183 -2.6533355713 0.9768556356 0.2119362354 -0.0284607727 -0.0051086871
80.0000000000 2.1103587151 1.2426697016 -2.6545903683 0.9768896103 0.2121090740 -0.0258117169 -0.0054921266
81.0000000000 2.0884804726 1.2420345545 -2.6573412418 0.9767659307 0.2129979432 -0.0230044127 -0.0055701029
82.0000000000 2.0653789043 1.2362668514 -2.6593253613 0.9767059684 0.2135461420 -0.0204113144 -0.0051865778
83.0000000000 2.0477256775 1.2312046289 -2.6606705189 0.9765515924 0.2144562900 -0.0182075892 -0.0049023940
84.0000000000 2.0224792957 1.2334581614 -2.6638917923 0.9763238430 0.2156579942 -0.0160715822 -0.0050170342
85.0000000000 1.9869462252 1.2347164154 -2.6665468216 0.9761842489 0.2164356411 -0.0140075404 -0.0048802174
86.0000000000 1.9625819921 1.2228245735 -2.6666359901 0.9761319757 0.2167894989 -0.0122081963 -0.0044326987
87.0000000000 1.9304454327 1.2185530663 -2.6683866978 0.9759247899 0.2178233713 -0.0103127016 -0.0041792197
88.0000000000 1.9150321484 1.1971201897 -2.6700623035 0.9757103920 0.2188398838 -0.0091631599 -0.0037905846
89.0000000000 1.8900760412 1.1750515699 -2.6733403206 0.9753360152 0.2205688655 -0.0076588434 -0.0032296879
90.0000000000 1.8680483103 1.1597676277 -2.6776421070 0.9747396111 0.2232342809 -0.0063347062 -0.0030361305
91.0000000000 1.8302292824 1.1553674936 -2.6835217476 0.9740460515 0.2262739539 -0.0048681498 -0.0032640595
92.0000000000 1.7899209261 1.1501113176 -2.6888346672 0.9734753370 0.2287348360 -0.0037403679 -0.0034906634
93.0000000000 1.7493447065 1.1441128254 -2.6927042007 0.9730096459 0.2307151109 -0.0026402380 -0.0039926330
94.0000000000 1.7091361284 1.1343582869 -2.6976468563 0.9726487398 0.2322350293 -0.0015127213 -0.0043720086
95.0000000000 1.6666973829 1.1280208826 -2.7012307644 0.9722750187 0.2337986380 -0.0005023155 -0.0043870774
96.0000000000 1.6250720024 1.1284859180 -2.7037329674 0.9719275832 0.2352394462 0.0003140311 -0.0043691229
97.0000000000 1.5875977278 1.1243770123 -2.7036604881 0.9717386365 0.2360133827 0.0011310242 -0.0045228945
98.0000000000 1.5511995554 1.1189175844 -2.7050263882 0.9715723991 0.2366825491 0.0022887697 -0.0048397202
99.0000000000 1.5065464973 1.1234644651 -2.7077958584 0.9713791609 0.2374580055 0.0033519012 -0.0050204676
100.0000000000 1.4709146023 1.1171913147 -2.7067213058 0.9713765979 0.2374578863 0.0041590058 -0.0048976121
101.0000000000 1.4457674026 1.1026796103 -2.7092869282 0.9712780714 0.2378538549 0.0047516231 -0.0046776719
102.0000000000 1.4134306908 1.1035088301 -2.7083451748 0.9710091352 0.2389308363 0.0054172743 -0.0049058977
103.0000000000 1.3911743164 1.0835636854 -2.7113239765 0.9708494544 0.2395596951 0.0059869178 -0.0051703337
104.0000000000 1.3612887859 1.0734393597 -2.7149243355 0.9705026150 0.2409260571 0.0068340544 -0.0057095811
105.0000000000 1.3336882591 1.0541552305 -2.7210891247 0.9701408744 0.2423368245 0.0076766564 -0.0063741482
106.0000000000 1.2969485521 1.0431756973 -2.7287313938 0.9696528316 0.2442302108 0.0087984689 -0.0069016884
107.0000000000 1.2598609924 1.0404958725 -2.7347173691 0.9692060351 0.2459383905 0.0099310651 -0.0074397782
108.0000000000 1.2252970934 1.0258016586 -2.7421333790 0.9688993692 0.2470681369 0.0113631440 -0.0078916084
109.0000000000 1.1795269251 1.0325459242 -2.7501745224 0.9685397148 0.2483719885 0.0131547991 -0.0083139418
110.0000000000 1.1407257318 1.0366989374 -2.7559874058 0.9683664441 0.2489786893 0.0143411960 -0.0083899908
111.0000000000 1.1055542231 1.0335576534 -2.7615969181 0.9683083892 0.2491528839 0.0152636301 -0.0082909269
112.0000000000 1.0802062750 1.0215858221 -2.7682647705 0.9682450891 0.2493368536 0.0161791109 -0.0084192678
113.0000000000 1.0538188219 1.0138933659 -2.7769048214 0.9680098295 0.2501704991 0.0171625242 -0.0087847821
114.0000000000 1.0216710567 1.0125459433 -2.7849125862 0.9676868320 0.2513247132 0.0180604029 -0.0095903547
115.0000000000 0.9944754839 0.9932937026 -2.7965376377 0.9674104452 0.2523134649 0.0186952520 -0.0102718184
116.0000000000 0.9607532024 0.9902856350 -2.8080577850 0.9668915272 0.2542063892 0.0193454809 -0.0112113254
117.0000000000 0.9188635945 0.9837892056 -2.8185789585 0.9664790034 0.2556636631 0.0202372391 -0.0120365880
118.0000000000 0.8839197755 0.9702401161 -2.8299643993 0.9661601782 0.2567626834 0.0212108511 -0.0125515116
119.0000000000 0.8460425735 0.9669742584 -2.8418142796 0.9657490849 0.2581704557 0.0225145742 -0.0130390832
120.0000000000 0.8050248027 0.9720773101 -2.8518831730 0.9653602242 0.2595115006 0.0236229096 -0.0132436575
121.0000000000 0.7619444132 0.9794439077 -2.8589837551 0.9650626779 0.2605378926 0.0245629326 -0.0130679198
122.0000000000 0.7318597436 0.9803254604 -2.8688819408 0.9648830891 0.2611607015 0.0250928141 -0.0128892437
123.0000000000 0.6999361515 0.9854730964 -2.8778870106 0.9647490978 0.2616065741 0.0256080497 -0.0128626814
124.0000000000 0.6684987545 0.9914029837 -2.8841271400 0.9645971656 0.2621070743 0.0262194294 -0.0128363259
125.0000000000 0.6317905188 0.9964355826 -2.8938453197 0.9644878507 0.2624427080 0.0269135982 -0.0127559509
126.0000000000 0.6024078131 1.0022414923 -2.8991689682 0.9644589424 0.2625235021 0.0272428673 -0.0125795612
127.0000000000 0.5835826397 1.0048776865 -2.9064621925 0.9644422531 0.2625843883 0.0272885133 -0.0124956453
128.0000000000 0.5538942814 1.0151935816 -2.9115293026 0.9643586874 0.2628526390 0.0275491830 -0.0127249220
129.0000000000 0.5273848772 1.0212855339 -2.9165668488 0.9643343091 0.2629549205 0.0274097510 -0.0127666676
130.0000000000 0.5032599568 1.0225944519 -2.9225378036 0.9642949700 0.2631498575 0.0270489790 -0.0124815376
131.0000000000 0.4769457579 1.0328903198 -2.9255914688 0.9641950727 0.2635433972 0.0268042888 -0.0124206962
132.0000000000 0.4512054026 1.0333511829 -2.9302039146 0.9642291665 0.2634493709 0.0266358685 -0.0121275848
133.0000000000 0.4235913157 1.0478855371 -2.9337637424 0.9641754627 0.2636869848 0.0263832137 -0.0117816823
134.0000000000 0.3950923383 1.0712865591 -2.9332158566 0.9642322063 0.2635511756 0.0257515702 -0.0115701789
135.0000000000 0.3673518002 1.0911765099 -2.9301819801 0.9645156264 0.2625947893 0.0249480959 -0.0114566470
136.0000000000 0.3411371708 1.1127018929 -2.9265823364 0.9649478197 0.2611219883 0.0237366017 -0.0112954918
137.0000000000 0.3234089911 1.1251904964 -2.9231612682 0.9654939175 0.2592798173 0.0218092110 -0.0109573770
138.0000000000 0.3057659268 1.1367272139 -2.9164822102 0.9660714269 0.2572883368 0.0197673868 -0.0108696492
139.0000000000 0.2949987352 1.1393030882 -2.9103417397 0.9666962624 0.2550610304 0.0177519526 -0.0112811727
140.0000000000 0.2858305573 1.1362267733 -2.9082212448 0.9672088027 0.2532166839 0.0157673564 -0.0118278209
141.0000000000 0.2655277848 1.1430981159 -2.9031529427 0.9675544500 0.2519837320 0.0138300927 -0.0123020224
142.0000000000 0.2575551867 1.1364904642 -2.8981404305 0.9679269195 0.2506816089 0.0110656098 -0.0124008888
143.0000000000 0.2407872379 1.1367316246 -2.8897130489 0.9680822492 0.2501547039 0.0086788423 -0.0128069082
144.0000000000 0.2264778316 1.1422820091 -2.8807296753 0.9683037400 0.2493222207 0.0067811543 -0.0134368753
145.0000000000 0.2034282535 1.1478672028 -2.8721573353 0.9686903954 0.2478080392 0.0055980440 -0.0140999369
146.0000000000 0.1790138334 1.1662776470 -2.8587989807 0.9691292048 0.2460906208 0.0042648432 -0.0144865895
147.0000000000 0.1630583853 1.1747705936 -2.8455421925 0.9697199464 0.2437765151 0.0025573869 -0.0144821210
148.0000000000 0.1446315050 1.1900905371 -2.8302912712 0.9703451395 0.2412903458 0.0009282875 -0.0144388638
149.0000000000 0.1392812878 1.1957168579 -2.8117511272 0.9711117148 0.2381853014 -0.0009067864 -0.0144581404
150.0000000000 0.1289077401 1.1960713863 -2.7944841385 0.9718654752 0.2350718677 -0.0020594450 -0.0146523211
151.0000000000 0.1089313850 1.2154062986 -2.7738227844 0.9724982977 0.2324205488 -0.0029602256 -0.0148064727
152.0000000000 0.0925123170 1.2188113928 -2.7525429726 0.9733182192 0.2289683670 -0.0042376965 -0.0143940356
153.0000000000 0.0883925036 1.2190452814 -2.7306742668 0.9740948081 0.2256407291 -0.0056270645 -0.0139270285
154.0000000000 0.0759839043 1.2290548086 -2.7067370415 0.9747859836 0.2226177901 -0.0065224380 -0.0138294501
155.0000000000 0.0637426004 1.2345181704 -2.6813266277 0.9754958749 0.2194860429 -0.0075938017 -0.0132676763
156.0000000000 0.0617301017 1.2276078463 -2.6561846733 0.9761601090 0.2165152878 -0.0089953765 -0.0123158479
157.0000000000 0.0500163212 1.2310162783 -2.6286745071 0.9766221642 0.2144199312 -0.0101761054 -0.0113984905
158.0000000000 0.0379620008 1.2330793142 -2.5995793343 0.9770907760 0.2122694850 -0.0113065345 -0.0103681609
159.0000000000 0.0301181152 1.2282372713 -2.5699224472 0.9776095748 0.2098548263 -0.0122726411 -0.0094816200
160.0000000000 0.0202368274 1.2274323702 -2.5394186974 0.9780521989 0.2077776939 -0.0129617676 -0.0086253239
161.0000000000 0.0037357092 1.2307834625 -2.5072951317 0.9785150886 0.2055918872 -0.0134799602 -0.0076527400
162.0000000000 -0.0015166502 1.2169435024 -2.4743568897 0.9791221023 0.2026918530 -0.0138925221 -0.0065614665
163.0000000000 -0.0032544804 1.2077437639 -2.4421164989 0.9796394706 0.2002162337 -0.0137391649 -0.0055839806
164.0000000000 -0.0117753251 1.2041444778 -2.4097459316 0.9801303148 0.1978717893 -0.0130488919 -0.0045765005
165.0000000000 -0.0238057636 1.1995254755 -2.3779430389 0.9806772470 0.1952322572 -0.0121476194 -0.0029896316
166.0000000000 -0.0254085418 1.1936641932 -2.3450884819 0.9812151194 0.1925625652 -0.0116602024 -0.0008118225
167.0000000000 -0.0193658620 1.1795243025 -2.3126213551 0.9817118049 0.1900413334 -0.0111619271 0.0012932848
168.0000000000 -0.0178953875 1.1756232977 -2.2810988426 0.9819970131 0.1885687560 -0.0105952453 0.0033826442
169.0000000000 -0.0260021295 1.1865166426 -2.2480981350 0.9821549654 0.1876910925 -0.0105969887 0.0056058583
170.0000000000 -0.0231609922 1.1753590107 -2.2136514187 0.9824484587 0.1860203594 -0.0113573605 0.0079146111
171.0000000000 -0.0221536513 1.1738759279 -2.1812849045 0.9826220274 0.1849653721 -0.0120560266 0.0098193735
172.0000000000 -0.0307305697 1.1802401543 -2.1444144249 0.9828739762 0.1834930480 -0.0127094798 0.0112917656
173.0000000000 -0.0241809096 1.1634720564 -2.1085600853 0.9832947254 0.1810740083 -0.0136408694 0.0125554660
174.0000000000 -0.0267497841 1.1517105103 -2.0742211342 0.9835802913 0.1793896407 -0.0141289271 0.0137768816
175.0000000000 -0.0216992069 1.1367764473 -2.0418910980 0.9837220311 0.1783968806 -0.0153163997 0.0152025251
176.0000000000 -0.0210082866 1.1205444336 -2.0090906620 0.9837248325 0.1781383306 -0.0165931135 0.0166394599
177.0000000000 -0.0097160991 1.1014629602 -1.9798759222 0.9838030338 0.1775853038 -0.0175021403 0.0169983879
178.0000000000 -0.0184206590 1.0945988894 -1.9563002586 0.9839203954 0.1770090759 -0.0172468107 0.0164627712
179.0000000000 -0.0372299589 1.0954823494 -1.9335719347 0.9839860201 0.1765766740 -0.0176812373 0.0167207848
180.0000000000 -0.0425036140 1.0754975080 -1.9109877348 0.9840257168 0.1760037839 -0.0197280888 0.0180794597
181.0000000000 -0.0397752076 1.0627925396 -1.8855468035 0.9838315845 0.1766314954 -0.0224909019 0.0192591771
182.0000000000 -0.0293349251 1.0321564674 -1.8641983271 0.9836391211 0.1773143113 -0.0251130685 0.0195746608
183.0000000000 -0.0269252546 1.0258361101 -1.8429813385 0.9832583666 0.1792461872 -0.0270241182 0.0185396634
184.0000000000 -0.0365223177 1.0079915524 -1.8283268213 0.9830343723 0.1804441214 -0.0282074455 0.0169673096
185.0000000000 -0.0578683838 1.0110815763 -1.8147902489 0.9827872515 0.1817801595 -0.0290892310 0.0154606253
186.0000000000 -0.0787589625 1.0184634924 -1.8006166220 0.9827275872 0.1820644438 -0.0301140342 0.0138624087
187.0000000000 -0.0970608816 1.0134311914 -1.7881941795 0.9829238653 0.1808944046 -0.0311969537 0.0128399003
188.0000000000 -0.1128172576 1.0164310932 -1.7739921808 0.9831353426 0.1795755923 -0.0322888680 0.0124466456
189.0000000000 -0.1197984815 1.0175130367 -1.7591720819 0.9834626913 0.1775913835 -0.0334979109 0.0118446294
190.0000000000 -0.1293820292 1.0141806602 -1.7439668179 0.9838358760 0.1754258573 -0.0342006274 0.0110944035
191.0000000000 -0.1387728155 1.0155553818 -1.7309157848 0.9841372967 0.1736513078 -0.0347669385 0.0105028963
192.0000000000 -0.1460968852 1.0185705423 -1.7140750885 0.9844597578 0.1718091071 -0.0350989215 0.0094185313
193.0000000000 -0.1540885568 1.0075988770 -1.7009634972 0.9848135710 0.1698364466 -0.0350313261 0.0084037883
194.0000000000 -0.1653082520 1.0066994429 -1.6881009340 0.9849596620 0.1690285206 -0.0349532701 0.0078905998
195.0000000000 -0.1697729528 1.0004715919 -1.6729302406 0.9850950241 0.1683003902 -0.0348241962 0.0070874342
196.0000000000 -0.1801506430 0.9891595244 -1.6605981588 0.9852625728 0.1675546467 -0.0338816494 0.0059263031
197.0000000000 -0.1968103945 0.9881343246 -1.6479598284 0.9853637815 0.1672870070 -0.0323834494 0.0049597686
198.0000000000 -0.2213069648 0.9889982343 -1.6361683607 0.9855253100 0.1666925550 -0.0305261891 0.0046503143
199.0000000000 -0.2410080880 0.9877675176 -1.6241776943 0.9857084155 0.1658655256 -0.0290345903 0.0049615437
